date,altersklasse_covid19,vaccination_status,entries,sumTotal,pop,inz_entries,inzsumTotal,geoRegion,type,type_variant,vaccine,data_completeness,version,timeframe_all
202104,0 - 9,fully_vaccinated,0,0,5,0,NA,CHFL,COVID19Death,vaccine,all,limited,2021-11-25_07-51-54,TRUE
202104,0 - 9,partially_vaccinated,0,0,15,0,NA,CHFL,COVID19Death,vaccine,all,limited,2021-11-25_07-51-54,TRUE
202104,0 - 9,not_vaccinated,0,0,880567,0,NA,CHFL,COVID19Death,vaccine,all,limited,2021-11-25_07-51-54,TRUE
202104,0 - 9,unknown,0,0,NA,NA,NA,CHFL,COVID19Death,vaccine,all,limited,2021-11-25_07-51-54,TRUE
202104,10 - 19,fully_vaccinated,0,0,50,0,NA,CHFL,COVID19Death,vaccine,all,limited,2021-11-25_07-51-54,TRUE
202104,10 - 19,partially_vaccinated,0,0,989,0,NA,CHFL,COVID19Death,vaccine,all,limited,2021-11-25_07-51-54,TRUE
202104,10 - 19,not_vaccinated,0,0,852336,0,NA,CHFL,COVID19Death,vaccine,all,limited,2021-11-25_07-51-54,TRUE
202104,10 - 19,unknown,0,0,NA,NA,NA,CHFL,COVID19Death,vaccine,all,limited,2021-11-25_07-51-54,TRUE
202104,20 - 29,fully_vaccinated,0,0,394,0,NA,CHFL,COVID19Death,vaccine,all,limited,2021-11-25_07-51-54,TRUE
202104,20 - 29,partially_vaccinated,0,0,7682,0,NA,CHFL,COVID19Death,vaccine,all,limited,2021-11-25_07-51-54,TRUE
202104,20 - 29,not_vaccinated,0,0,1034541,0,NA,CHFL,COVID19Death,vaccine,all,limited,2021-11-25_07-51-54,TRUE
202104,20 - 29,unknown,0,0,NA,NA,NA,CHFL,COVID19Death,vaccine,all,limited,2021-11-25_07-51-54,TRUE
202104,30 - 39,fully_vaccinated,0,0,698,0,NA,CHFL,COVID19Death,vaccine,all,limited,2021-11-25_07-51-54,TRUE
202104,30 - 39,partially_vaccinated,0,0,12102,0,NA,CHFL,COVID19Death,vaccine,all,limited,2021-11-25_07-51-54,TRUE
202104,30 - 39,not_vaccinated,0,0,1235440,0,NA,CHFL,COVID19Death,vaccine,all,limited,2021-11-25_07-51-54,TRUE
202104,30 - 39,unknown,0,0,NA,NA,NA,CHFL,COVID19Death,vaccine,all,limited,2021-11-25_07-51-54,TRUE
202104,40 - 49,fully_vaccinated,0,0,1041,0,NA,CHFL,COVID19Death,vaccine,all,limited,2021-11-25_07-51-54,TRUE
202104,40 - 49,partially_vaccinated,0,0,16393,0,NA,CHFL,COVID19Death,vaccine,all,limited,2021-11-25_07-51-54,TRUE
202104,40 - 49,not_vaccinated,1,1,1189471,0.08,NA,CHFL,COVID19Death,vaccine,all,limited,2021-11-25_07-51-54,TRUE
202104,40 - 49,unknown,1,1,NA,NA,NA,CHFL,COVID19Death,vaccine,all,limited,2021-11-25_07-51-54,TRUE
202104,50 - 59,fully_vaccinated,0,0,1569,0,NA,CHFL,COVID19Death,vaccine,all,limited,2021-11-25_07-51-54,TRUE
202104,50 - 59,partially_vaccinated,0,0,25038,0,NA,CHFL,COVID19Death,vaccine,all,limited,2021-11-25_07-51-54,TRUE
202104,50 - 59,not_vaccinated,1,1,1278936,0.08,NA,CHFL,COVID19Death,vaccine,all,limited,2021-11-25_07-51-54,TRUE
202104,50 - 59,unknown,3,3,NA,NA,NA,CHFL,COVID19Death,vaccine,all,limited,2021-11-25_07-51-54,TRUE
202104,60 - 69,fully_vaccinated,0,0,1932,0,NA,CHFL,COVID19Death,vaccine,all,limited,2021-11-25_07-51-54,TRUE
202104,60 - 69,partially_vaccinated,0,0,24438,0,NA,CHFL,COVID19Death,vaccine,all,limited,2021-11-25_07-51-54,TRUE
202104,60 - 69,not_vaccinated,0,0,945907,0,NA,CHFL,COVID19Death,vaccine,all,limited,2021-11-25_07-51-54,TRUE
202104,60 - 69,unknown,14,14,NA,NA,NA,CHFL,COVID19Death,vaccine,all,limited,2021-11-25_07-51-54,TRUE
202104,70 - 79,fully_vaccinated,0,0,3768,0,NA,CHFL,COVID19Death,vaccine,all,limited,2021-11-25_07-51-54,TRUE
202104,70 - 79,partially_vaccinated,1,1,75379,1.33,NA,CHFL,COVID19Death,vaccine,all,limited,2021-11-25_07-51-54,TRUE
202104,70 - 79,not_vaccinated,15,15,660766,2.27,NA,CHFL,COVID19Death,vaccine,all,limited,2021-11-25_07-51-54,TRUE
202104,70 - 79,unknown,18,18,NA,NA,NA,CHFL,COVID19Death,vaccine,all,limited,2021-11-25_07-51-54,TRUE
202104,80+,fully_vaccinated,0,0,5923,0,NA,CHFL,COVID19Death,vaccine,all,limited,2021-11-25_07-51-54,TRUE
202104,80+,partially_vaccinated,7,7,115841,6.04,NA,CHFL,COVID19Death,vaccine,all,limited,2021-11-25_07-51-54,TRUE
202104,80+,not_vaccinated,32,32,338134,9.46,NA,CHFL,COVID19Death,vaccine,all,limited,2021-11-25_07-51-54,TRUE
202104,80+,unknown,76,76,NA,NA,NA,CHFL,COVID19Death,vaccine,all,limited,2021-11-25_07-51-54,TRUE
202104,Unbekannt,fully_vaccinated,0,0,NA,NA,NA,CHFL,COVID19Death,vaccine,all,limited,2021-11-25_07-51-54,TRUE
202104,Unbekannt,partially_vaccinated,0,0,NA,NA,NA,CHFL,COVID19Death,vaccine,all,limited,2021-11-25_07-51-54,TRUE
202104,Unbekannt,not_vaccinated,0,0,NA,NA,NA,CHFL,COVID19Death,vaccine,all,limited,2021-11-25_07-51-54,TRUE
202104,Unbekannt,unknown,0,0,NA,NA,NA,CHFL,COVID19Death,vaccine,all,limited,2021-11-25_07-51-54,TRUE
202105,0 - 9,fully_vaccinated,0,0,12,0,NA,CHFL,COVID19Death,vaccine,all,limited,2021-11-25_07-51-54,TRUE
202105,0 - 9,partially_vaccinated,0,0,11,0,NA,CHFL,COVID19Death,vaccine,all,limited,2021-11-25_07-51-54,TRUE
202105,0 - 9,not_vaccinated,0,0,880564,0,NA,CHFL,COVID19Death,vaccine,all,limited,2021-11-25_07-51-54,TRUE
202105,0 - 9,unknown,0,0,NA,NA,NA,CHFL,COVID19Death,vaccine,all,limited,2021-11-25_07-51-54,TRUE
202105,10 - 19,fully_vaccinated,0,0,193,0,NA,CHFL,COVID19Death,vaccine,all,limited,2021-11-25_07-51-54,TRUE
202105,10 - 19,partially_vaccinated,0,0,1031,0,NA,CHFL,COVID19Death,vaccine,all,limited,2021-11-25_07-51-54,TRUE
202105,10 - 19,not_vaccinated,0,0,852151,0,NA,CHFL,COVID19Death,vaccine,all,limited,2021-11-25_07-51-54,TRUE
202105,10 - 19,unknown,0,0,NA,NA,NA,CHFL,COVID19Death,vaccine,all,limited,2021-11-25_07-51-54,TRUE
202105,20 - 29,fully_vaccinated,0,0,1473,0,NA,CHFL,COVID19Death,vaccine,all,limited,2021-11-25_07-51-54,TRUE
202105,20 - 29,partially_vaccinated,0,0,8074,0,NA,CHFL,COVID19Death,vaccine,all,limited,2021-11-25_07-51-54,TRUE
202105,20 - 29,not_vaccinated,0,0,1033070,0,NA,CHFL,COVID19Death,vaccine,all,limited,2021-11-25_07-51-54,TRUE
202105,20 - 29,unknown,0,0,NA,NA,NA,CHFL,COVID19Death,vaccine,all,limited,2021-11-25_07-51-54,TRUE
202105,30 - 39,fully_vaccinated,0,0,2101,0,NA,CHFL,COVID19Death,vaccine,all,limited,2021-11-25_07-51-54,TRUE
202105,30 - 39,partially_vaccinated,0,0,13213,0,NA,CHFL,COVID19Death,vaccine,all,limited,2021-11-25_07-51-54,TRUE
202105,30 - 39,not_vaccinated,0,0,1232926,0,NA,CHFL,COVID19Death,vaccine,all,limited,2021-11-25_07-51-54,TRUE
202105,30 - 39,unknown,0,0,NA,NA,NA,CHFL,COVID19Death,vaccine,all,limited,2021-11-25_07-51-54,TRUE
202105,40 - 49,fully_vaccinated,0,0,3058,0,NA,CHFL,COVID19Death,vaccine,all,limited,2021-11-25_07-51-54,TRUE
202105,40 - 49,partially_vaccinated,0,0,17873,0,NA,CHFL,COVID19Death,vaccine,all,limited,2021-11-25_07-51-54,TRUE
202105,40 - 49,not_vaccinated,0,1,1185974,0,NA,CHFL,COVID19Death,vaccine,all,limited,2021-11-25_07-51-54,TRUE
202105,40 - 49,unknown,1,2,NA,NA,NA,CHFL,COVID19Death,vaccine,all,limited,2021-11-25_07-51-54,TRUE
202105,50 - 59,fully_vaccinated,0,0,4668,0,NA,CHFL,COVID19Death,vaccine,all,limited,2021-11-25_07-51-54,TRUE
202105,50 - 59,partially_vaccinated,0,0,28133,0,NA,CHFL,COVID19Death,vaccine,all,limited,2021-11-25_07-51-54,TRUE
202105,50 - 59,not_vaccinated,1,2,1272742,0.08,NA,CHFL,COVID19Death,vaccine,all,limited,2021-11-25_07-51-54,TRUE
202105,50 - 59,unknown,2,5,NA,NA,NA,CHFL,COVID19Death,vaccine,all,limited,2021-11-25_07-51-54,TRUE
202105,60 - 69,fully_vaccinated,0,0,4407,0,NA,CHFL,COVID19Death,vaccine,all,limited,2021-11-25_07-51-54,TRUE
202105,60 - 69,partially_vaccinated,0,0,29853,0,NA,CHFL,COVID19Death,vaccine,all,limited,2021-11-25_07-51-54,TRUE
202105,60 - 69,not_vaccinated,8,8,938017,0.85,NA,CHFL,COVID19Death,vaccine,all,limited,2021-11-25_07-51-54,TRUE
202105,60 - 69,unknown,7,21,NA,NA,NA,CHFL,COVID19Death,vaccine,all,limited,2021-11-25_07-51-54,TRUE
202105,70 - 79,fully_vaccinated,0,0,10606,0,NA,CHFL,COVID19Death,vaccine,all,limited,2021-11-25_07-51-54,TRUE
202105,70 - 79,partially_vaccinated,1,2,89944,1.11,NA,CHFL,COVID19Death,vaccine,all,limited,2021-11-25_07-51-54,TRUE
202105,70 - 79,not_vaccinated,10,25,639363,1.56,NA,CHFL,COVID19Death,vaccine,all,limited,2021-11-25_07-51-54,TRUE
202105,70 - 79,unknown,16,34,NA,NA,NA,CHFL,COVID19Death,vaccine,all,limited,2021-11-25_07-51-54,TRUE
202105,80+,fully_vaccinated,0,0,20389,0,NA,CHFL,COVID19Death,vaccine,all,limited,2021-11-25_07-51-54,TRUE
202105,80+,partially_vaccinated,11,18,126750,8.68,NA,CHFL,COVID19Death,vaccine,all,limited,2021-11-25_07-51-54,TRUE
202105,80+,not_vaccinated,38,70,312759,12.15,NA,CHFL,COVID19Death,vaccine,all,limited,2021-11-25_07-51-54,TRUE
202105,80+,unknown,71,147,NA,NA,NA,CHFL,COVID19Death,vaccine,all,limited,2021-11-25_07-51-54,TRUE
202105,Unbekannt,fully_vaccinated,0,0,NA,NA,NA,CHFL,COVID19Death,vaccine,all,limited,2021-11-25_07-51-54,TRUE
202105,Unbekannt,partially_vaccinated,0,0,NA,NA,NA,CHFL,COVID19Death,vaccine,all,limited,2021-11-25_07-51-54,TRUE
202105,Unbekannt,not_vaccinated,0,0,NA,NA,NA,CHFL,COVID19Death,vaccine,all,limited,2021-11-25_07-51-54,TRUE
202105,Unbekannt,unknown,0,0,NA,NA,NA,CHFL,COVID19Death,vaccine,all,limited,2021-11-25_07-51-54,TRUE
202106,0 - 9,fully_vaccinated,0,0,14,0,NA,CHFL,COVID19Death,vaccine,all,limited,2021-11-25_07-51-54,TRUE
202106,0 - 9,partially_vaccinated,0,0,12,0,NA,CHFL,COVID19Death,vaccine,all,limited,2021-11-25_07-51-54,TRUE
202106,0 - 9,not_vaccinated,0,0,880561,0,NA,CHFL,COVID19Death,vaccine,all,limited,2021-11-25_07-51-54,TRUE
202106,0 - 9,unknown,0,0,NA,NA,NA,CHFL,COVID19Death,vaccine,all,limited,2021-11-25_07-51-54,TRUE
202106,10 - 19,fully_vaccinated,0,0,398,0,NA,CHFL,COVID19Death,vaccine,all,limited,2021-11-25_07-51-54,TRUE
202106,10 - 19,partially_vaccinated,0,0,1147,0,NA,CHFL,COVID19Death,vaccine,all,limited,2021-11-25_07-51-54,TRUE
202106,10 - 19,not_vaccinated,0,0,851830,0,NA,CHFL,COVID19Death,vaccine,all,limited,2021-11-25_07-51-54,TRUE
202106,10 - 19,unknown,0,0,NA,NA,NA,CHFL,COVID19Death,vaccine,all,limited,2021-11-25_07-51-54,TRUE
202106,20 - 29,fully_vaccinated,0,0,3721,0,NA,CHFL,COVID19Death,vaccine,all,limited,2021-11-25_07-51-54,TRUE
202106,20 - 29,partially_vaccinated,0,0,8067,0,NA,CHFL,COVID19Death,vaccine,all,limited,2021-11-25_07-51-54,TRUE
202106,20 - 29,not_vaccinated,0,0,1030829,0,NA,CHFL,COVID19Death,vaccine,all,limited,2021-11-25_07-51-54,TRUE
202106,20 - 29,unknown,0,0,NA,NA,NA,CHFL,COVID19Death,vaccine,all,limited,2021-11-25_07-51-54,TRUE
202106,30 - 39,fully_vaccinated,0,0,5826,0,NA,CHFL,COVID19Death,vaccine,all,limited,2021-11-25_07-51-54,TRUE
202106,30 - 39,partially_vaccinated,0,0,12895,0,NA,CHFL,COVID19Death,vaccine,all,limited,2021-11-25_07-51-54,TRUE
202106,30 - 39,not_vaccinated,0,0,1229519,0,NA,CHFL,COVID19Death,vaccine,all,limited,2021-11-25_07-51-54,TRUE
202106,30 - 39,unknown,0,0,NA,NA,NA,CHFL,COVID19Death,vaccine,all,limited,2021-11-25_07-51-54,TRUE
202106,40 - 49,fully_vaccinated,0,0,7638,0,NA,CHFL,COVID19Death,vaccine,all,limited,2021-11-25_07-51-54,TRUE
202106,40 - 49,partially_vaccinated,0,0,18084,0,NA,CHFL,COVID19Death,vaccine,all,limited,2021-11-25_07-51-54,TRUE
202106,40 - 49,not_vaccinated,1,2,1181183,0.08,NA,CHFL,COVID19Death,vaccine,all,limited,2021-11-25_07-51-54,TRUE
202106,40 - 49,unknown,1,3,NA,NA,NA,CHFL,COVID19Death,vaccine,all,limited,2021-11-25_07-51-54,TRUE
202106,50 - 59,fully_vaccinated,0,0,10732,0,NA,CHFL,COVID19Death,vaccine,all,limited,2021-11-25_07-51-54,TRUE
202106,50 - 59,partially_vaccinated,0,0,30285,0,NA,CHFL,COVID19Death,vaccine,all,limited,2021-11-25_07-51-54,TRUE
202106,50 - 59,not_vaccinated,1,3,1264526,0.08,NA,CHFL,COVID19Death,vaccine,all,limited,2021-11-25_07-51-54,TRUE
202106,50 - 59,unknown,3,8,NA,NA,NA,CHFL,COVID19Death,vaccine,all,limited,2021-11-25_07-51-54,TRUE
202106,60 - 69,fully_vaccinated,0,0,9263,0,NA,CHFL,COVID19Death,vaccine,all,limited,2021-11-25_07-51-54,TRUE
202106,60 - 69,partially_vaccinated,0,0,33194,0,NA,CHFL,COVID19Death,vaccine,all,limited,2021-11-25_07-51-54,TRUE
202106,60 - 69,not_vaccinated,7,15,929820,0.75,NA,CHFL,COVID19Death,vaccine,all,limited,2021-11-25_07-51-54,TRUE
202106,60 - 69,unknown,6,27,NA,NA,NA,CHFL,COVID19Death,vaccine,all,limited,2021-11-25_07-51-54,TRUE
202106,70 - 79,fully_vaccinated,0,0,24013,0,NA,CHFL,COVID19Death,vaccine,all,limited,2021-11-25_07-51-54,TRUE
202106,70 - 79,partially_vaccinated,1,3,97723,1.02,NA,CHFL,COVID19Death,vaccine,all,limited,2021-11-25_07-51-54,TRUE
202106,70 - 79,not_vaccinated,12,37,618177,1.94,NA,CHFL,COVID19Death,vaccine,all,limited,2021-11-25_07-51-54,TRUE
202106,70 - 79,unknown,11,45,NA,NA,NA,CHFL,COVID19Death,vaccine,all,limited,2021-11-25_07-51-54,TRUE
202106,80+,fully_vaccinated,1,1,41654,2.4,NA,CHFL,COVID19Death,vaccine,all,limited,2021-11-25_07-51-54,TRUE
202106,80+,partially_vaccinated,9,27,134862,6.67,NA,CHFL,COVID19Death,vaccine,all,limited,2021-11-25_07-51-54,TRUE
202106,80+,not_vaccinated,34,104,283382,12,NA,CHFL,COVID19Death,vaccine,all,limited,2021-11-25_07-51-54,TRUE
202106,80+,unknown,42,189,NA,NA,NA,CHFL,COVID19Death,vaccine,all,limited,2021-11-25_07-51-54,TRUE
202106,Unbekannt,fully_vaccinated,0,0,NA,NA,NA,CHFL,COVID19Death,vaccine,all,limited,2021-11-25_07-51-54,TRUE
202106,Unbekannt,partially_vaccinated,0,0,NA,NA,NA,CHFL,COVID19Death,vaccine,all,limited,2021-11-25_07-51-54,TRUE
202106,Unbekannt,not_vaccinated,0,0,NA,NA,NA,CHFL,COVID19Death,vaccine,all,limited,2021-11-25_07-51-54,TRUE
202106,Unbekannt,unknown,0,0,NA,NA,NA,CHFL,COVID19Death,vaccine,all,limited,2021-11-25_07-51-54,TRUE
202107,0 - 9,fully_vaccinated,0,0,17,0,NA,CHFL,COVID19Death,vaccine,all,limited,2021-11-25_07-51-54,TRUE
202107,0 - 9,partially_vaccinated,0,0,11,0,NA,CHFL,COVID19Death,vaccine,all,limited,2021-11-25_07-51-54,TRUE
202107,0 - 9,not_vaccinated,0,0,880559,0,NA,CHFL,COVID19Death,vaccine,all,limited,2021-11-25_07-51-54,TRUE
202107,0 - 9,unknown,0,0,NA,NA,NA,CHFL,COVID19Death,vaccine,all,limited,2021-11-25_07-51-54,TRUE
202107,10 - 19,fully_vaccinated,0,0,582,0,NA,CHFL,COVID19Death,vaccine,all,limited,2021-11-25_07-51-54,TRUE
202107,10 - 19,partially_vaccinated,0,0,1192,0,NA,CHFL,COVID19Death,vaccine,all,limited,2021-11-25_07-51-54,TRUE
202107,10 - 19,not_vaccinated,0,0,851601,0,NA,CHFL,COVID19Death,vaccine,all,limited,2021-11-25_07-51-54,TRUE
202107,10 - 19,unknown,0,0,NA,NA,NA,CHFL,COVID19Death,vaccine,all,limited,2021-11-25_07-51-54,TRUE
202107,20 - 29,fully_vaccinated,0,0,5030,0,NA,CHFL,COVID19Death,vaccine,all,limited,2021-11-25_07-51-54,TRUE
202107,20 - 29,partially_vaccinated,0,0,8681,0,NA,CHFL,COVID19Death,vaccine,all,limited,2021-11-25_07-51-54,TRUE
202107,20 - 29,not_vaccinated,0,0,1028906,0,NA,CHFL,COVID19Death,vaccine,all,limited,2021-11-25_07-51-54,TRUE
202107,20 - 29,unknown,0,0,NA,NA,NA,CHFL,COVID19Death,vaccine,all,limited,2021-11-25_07-51-54,TRUE
202107,30 - 39,fully_vaccinated,0,0,8027,0,NA,CHFL,COVID19Death,vaccine,all,limited,2021-11-25_07-51-54,TRUE
202107,30 - 39,partially_vaccinated,0,0,13542,0,NA,CHFL,COVID19Death,vaccine,all,limited,2021-11-25_07-51-54,TRUE
202107,30 - 39,not_vaccinated,0,0,1226671,0,NA,CHFL,COVID19Death,vaccine,all,limited,2021-11-25_07-51-54,TRUE
202107,30 - 39,unknown,0,0,NA,NA,NA,CHFL,COVID19Death,vaccine,all,limited,2021-11-25_07-51-54,TRUE
202107,40 - 49,fully_vaccinated,0,0,10835,0,NA,CHFL,COVID19Death,vaccine,all,limited,2021-11-25_07-51-54,TRUE
202107,40 - 49,partially_vaccinated,0,0,18857,0,NA,CHFL,COVID19Death,vaccine,all,limited,2021-11-25_07-51-54,TRUE
202107,40 - 49,not_vaccinated,1,3,1177213,0.08,NA,CHFL,COVID19Death,vaccine,all,limited,2021-11-25_07-51-54,TRUE
202107,40 - 49,unknown,0,3,NA,NA,NA,CHFL,COVID19Death,vaccine,all,limited,2021-11-25_07-51-54,TRUE
202107,50 - 59,fully_vaccinated,0,0,16109,0,NA,CHFL,COVID19Death,vaccine,all,limited,2021-11-25_07-51-54,TRUE
202107,50 - 59,partially_vaccinated,0,0,31952,0,NA,CHFL,COVID19Death,vaccine,all,limited,2021-11-25_07-51-54,TRUE
202107,50 - 59,not_vaccinated,0,3,1257482,0,NA,CHFL,COVID19Death,vaccine,all,limited,2021-11-25_07-51-54,TRUE
202107,50 - 59,unknown,0,8,NA,NA,NA,CHFL,COVID19Death,vaccine,all,limited,2021-11-25_07-51-54,TRUE
202107,60 - 69,fully_vaccinated,0,0,15346,0,NA,CHFL,COVID19Death,vaccine,all,limited,2021-11-25_07-51-54,TRUE
202107,60 - 69,partially_vaccinated,0,0,34804,0,NA,CHFL,COVID19Death,vaccine,all,limited,2021-11-25_07-51-54,TRUE
202107,60 - 69,not_vaccinated,4,19,922127,0.43,NA,CHFL,COVID19Death,vaccine,all,limited,2021-11-25_07-51-54,TRUE
202107,60 - 69,unknown,5,32,NA,NA,NA,CHFL,COVID19Death,vaccine,all,limited,2021-11-25_07-51-54,TRUE
202107,70 - 79,fully_vaccinated,0,0,47721,0,NA,CHFL,COVID19Death,vaccine,all,limited,2021-11-25_07-51-54,TRUE
202107,70 - 79,partially_vaccinated,0,3,89872,0,NA,CHFL,COVID19Death,vaccine,all,limited,2021-11-25_07-51-54,TRUE
202107,70 - 79,not_vaccinated,9,46,602320,1.49,NA,CHFL,COVID19Death,vaccine,all,limited,2021-11-25_07-51-54,TRUE
202107,70 - 79,unknown,8,53,NA,NA,NA,CHFL,COVID19Death,vaccine,all,limited,2021-11-25_07-51-54,TRUE
202107,80+,fully_vaccinated,0,1,71914,0,NA,CHFL,COVID19Death,vaccine,all,limited,2021-11-25_07-51-54,TRUE
202107,80+,partially_vaccinated,4,31,123734,3.23,NA,CHFL,COVID19Death,vaccine,all,limited,2021-11-25_07-51-54,TRUE
202107,80+,not_vaccinated,21,125,264250,7.95,NA,CHFL,COVID19Death,vaccine,all,limited,2021-11-25_07-51-54,TRUE
202107,80+,unknown,34,223,NA,NA,NA,CHFL,COVID19Death,vaccine,all,limited,2021-11-25_07-51-54,TRUE
202107,Unbekannt,fully_vaccinated,0,0,NA,NA,NA,CHFL,COVID19Death,vaccine,all,limited,2021-11-25_07-51-54,TRUE
202107,Unbekannt,partially_vaccinated,0,0,NA,NA,NA,CHFL,COVID19Death,vaccine,all,limited,2021-11-25_07-51-54,TRUE
202107,Unbekannt,not_vaccinated,0,0,NA,NA,NA,CHFL,COVID19Death,vaccine,all,limited,2021-11-25_07-51-54,TRUE
202107,Unbekannt,unknown,0,0,NA,NA,NA,CHFL,COVID19Death,vaccine,all,limited,2021-11-25_07-51-54,TRUE
202108,0 - 9,fully_vaccinated,0,0,21,0,NA,CHFL,COVID19Death,vaccine,all,limited,2021-11-25_07-51-54,TRUE
202108,0 - 9,partially_vaccinated,0,0,9,0,NA,CHFL,COVID19Death,vaccine,all,limited,2021-11-25_07-51-54,TRUE
202108,0 - 9,not_vaccinated,0,0,880557,0,NA,CHFL,COVID19Death,vaccine,all,limited,2021-11-25_07-51-54,TRUE
202108,0 - 9,unknown,0,0,NA,NA,NA,CHFL,COVID19Death,vaccine,all,limited,2021-11-25_07-51-54,TRUE
202108,10 - 19,fully_vaccinated,0,0,842,0,NA,CHFL,COVID19Death,vaccine,all,limited,2021-11-25_07-51-54,TRUE
202108,10 - 19,partially_vaccinated,0,0,1123,0,NA,CHFL,COVID19Death,vaccine,all,limited,2021-11-25_07-51-54,TRUE
202108,10 - 19,not_vaccinated,0,0,851410,0,NA,CHFL,COVID19Death,vaccine,all,limited,2021-11-25_07-51-54,TRUE
202108,10 - 19,unknown,0,0,NA,NA,NA,CHFL,COVID19Death,vaccine,all,limited,2021-11-25_07-51-54,TRUE
202108,20 - 29,fully_vaccinated,0,0,6714,0,NA,CHFL,COVID19Death,vaccine,all,limited,2021-11-25_07-51-54,TRUE
202108,20 - 29,partially_vaccinated,0,0,8785,0,NA,CHFL,COVID19Death,vaccine,all,limited,2021-11-25_07-51-54,TRUE
202108,20 - 29,not_vaccinated,0,0,1027118,0,NA,CHFL,COVID19Death,vaccine,all,limited,2021-11-25_07-51-54,TRUE
202108,20 - 29,unknown,0,0,NA,NA,NA,CHFL,COVID19Death,vaccine,all,limited,2021-11-25_07-51-54,TRUE
202108,30 - 39,fully_vaccinated,0,0,10735,0,NA,CHFL,COVID19Death,vaccine,all,limited,2021-11-25_07-51-54,TRUE
202108,30 - 39,partially_vaccinated,0,0,13701,0,NA,CHFL,COVID19Death,vaccine,all,limited,2021-11-25_07-51-54,TRUE
202108,30 - 39,not_vaccinated,0,0,1223804,0,NA,CHFL,COVID19Death,vaccine,all,limited,2021-11-25_07-51-54,TRUE
202108,30 - 39,unknown,0,0,NA,NA,NA,CHFL,COVID19Death,vaccine,all,limited,2021-11-25_07-51-54,TRUE
202108,40 - 49,fully_vaccinated,0,0,14903,0,NA,CHFL,COVID19Death,vaccine,all,limited,2021-11-25_07-51-54,TRUE
202108,40 - 49,partially_vaccinated,0,0,18329,0,NA,CHFL,COVID19Death,vaccine,all,limited,2021-11-25_07-51-54,TRUE
202108,40 - 49,not_vaccinated,0,3,1173673,0,NA,CHFL,COVID19Death,vaccine,all,limited,2021-11-25_07-51-54,TRUE
202108,40 - 49,unknown,1,4,NA,NA,NA,CHFL,COVID19Death,vaccine,all,limited,2021-11-25_07-51-54,TRUE
202108,50 - 59,fully_vaccinated,0,0,23028,0,NA,CHFL,COVID19Death,vaccine,all,limited,2021-11-25_07-51-54,TRUE
202108,50 - 59,partially_vaccinated,0,0,30671,0,NA,CHFL,COVID19Death,vaccine,all,limited,2021-11-25_07-51-54,TRUE
202108,50 - 59,not_vaccinated,0,3,1251844,0,NA,CHFL,COVID19Death,vaccine,all,limited,2021-11-25_07-51-54,TRUE
202108,50 - 59,unknown,1,9,NA,NA,NA,CHFL,COVID19Death,vaccine,all,limited,2021-11-25_07-51-54,TRUE
202108,60 - 69,fully_vaccinated,0,0,23670,0,NA,CHFL,COVID19Death,vaccine,all,limited,2021-11-25_07-51-54,TRUE
202108,60 - 69,partially_vaccinated,0,0,32453,0,NA,CHFL,COVID19Death,vaccine,all,limited,2021-11-25_07-51-54,TRUE
202108,60 - 69,not_vaccinated,1,20,916154,0.11,NA,CHFL,COVID19Death,vaccine,all,limited,2021-11-25_07-51-54,TRUE
202108,60 - 69,unknown,4,36,NA,NA,NA,CHFL,COVID19Death,vaccine,all,limited,2021-11-25_07-51-54,TRUE
202108,70 - 79,fully_vaccinated,1,1,75612,1.32,NA,CHFL,COVID19Death,vaccine,all,limited,2021-11-25_07-51-54,TRUE
202108,70 - 79,partially_vaccinated,1,4,75593,1.32,NA,CHFL,COVID19Death,vaccine,all,limited,2021-11-25_07-51-54,TRUE
202108,70 - 79,not_vaccinated,7,53,588708,1.19,NA,CHFL,COVID19Death,vaccine,all,limited,2021-11-25_07-51-54,TRUE
202108,70 - 79,unknown,8,61,NA,NA,NA,CHFL,COVID19Death,vaccine,all,limited,2021-11-25_07-51-54,TRUE
202108,80+,fully_vaccinated,2,3,110089,1.82,NA,CHFL,COVID19Death,vaccine,all,limited,2021-11-25_07-51-54,TRUE
202108,80+,partially_vaccinated,7,38,100639,6.96,NA,CHFL,COVID19Death,vaccine,all,limited,2021-11-25_07-51-54,TRUE
202108,80+,not_vaccinated,11,136,249170,4.41,NA,CHFL,COVID19Death,vaccine,all,limited,2021-11-25_07-51-54,TRUE
202108,80+,unknown,19,242,NA,NA,NA,CHFL,COVID19Death,vaccine,all,limited,2021-11-25_07-51-54,TRUE
202108,Unbekannt,fully_vaccinated,0,0,NA,NA,NA,CHFL,COVID19Death,vaccine,all,limited,2021-11-25_07-51-54,TRUE
202108,Unbekannt,partially_vaccinated,0,0,NA,NA,NA,CHFL,COVID19Death,vaccine,all,limited,2021-11-25_07-51-54,TRUE
202108,Unbekannt,not_vaccinated,0,0,NA,NA,NA,CHFL,COVID19Death,vaccine,all,limited,2021-11-25_07-51-54,TRUE
202108,Unbekannt,unknown,0,0,NA,NA,NA,CHFL,COVID19Death,vaccine,all,limited,2021-11-25_07-51-54,TRUE
202109,0 - 9,fully_vaccinated,0,0,23,0,NA,CHFL,COVID19Death,vaccine,all,limited,2021-11-25_07-51-54,TRUE
202109,0 - 9,partially_vaccinated,0,0,11,0,NA,CHFL,COVID19Death,vaccine,all,limited,2021-11-25_07-51-54,TRUE
202109,0 - 9,not_vaccinated,0,0,880553,0,NA,CHFL,COVID19Death,vaccine,all,limited,2021-11-25_07-51-54,TRUE
202109,0 - 9,unknown,0,0,NA,NA,NA,CHFL,COVID19Death,vaccine,all,limited,2021-11-25_07-51-54,TRUE
202109,10 - 19,fully_vaccinated,0,0,1127,0,NA,CHFL,COVID19Death,vaccine,all,limited,2021-11-25_07-51-54,TRUE
202109,10 - 19,partially_vaccinated,0,0,1078,0,NA,CHFL,COVID19Death,vaccine,all,limited,2021-11-25_07-51-54,TRUE
202109,10 - 19,not_vaccinated,0,0,851170,0,NA,CHFL,COVID19Death,vaccine,all,limited,2021-11-25_07-51-54,TRUE
202109,10 - 19,unknown,0,0,NA,NA,NA,CHFL,COVID19Death,vaccine,all,limited,2021-11-25_07-51-54,TRUE
202109,20 - 29,fully_vaccinated,0,0,8805,0,NA,CHFL,COVID19Death,vaccine,all,limited,2021-11-25_07-51-54,TRUE
202109,20 - 29,partially_vaccinated,0,0,8963,0,NA,CHFL,COVID19Death,vaccine,all,limited,2021-11-25_07-51-54,TRUE
202109,20 - 29,not_vaccinated,0,0,1024849,0,NA,CHFL,COVID19Death,vaccine,all,limited,2021-11-25_07-51-54,TRUE
202109,20 - 29,unknown,0,0,NA,NA,NA,CHFL,COVID19Death,vaccine,all,limited,2021-11-25_07-51-54,TRUE
202109,30 - 39,fully_vaccinated,0,0,14098,0,NA,CHFL,COVID19Death,vaccine,all,limited,2021-11-25_07-51-54,TRUE
202109,30 - 39,partially_vaccinated,0,0,13924,0,NA,CHFL,COVID19Death,vaccine,all,limited,2021-11-25_07-51-54,TRUE
202109,30 - 39,not_vaccinated,0,0,1220218,0,NA,CHFL,COVID19Death,vaccine,all,limited,2021-11-25_07-51-54,TRUE
202109,30 - 39,unknown,0,0,NA,NA,NA,CHFL,COVID19Death,vaccine,all,limited,2021-11-25_07-51-54,TRUE
202109,40 - 49,fully_vaccinated,0,0,19586,0,NA,CHFL,COVID19Death,vaccine,all,limited,2021-11-25_07-51-54,TRUE
202109,40 - 49,partially_vaccinated,0,0,18210,0,NA,CHFL,COVID19Death,vaccine,all,limited,2021-11-25_07-51-54,TRUE
202109,40 - 49,not_vaccinated,0,3,1169109,0,NA,CHFL,COVID19Death,vaccine,all,limited,2021-11-25_07-51-54,TRUE
202109,40 - 49,unknown,0,4,NA,NA,NA,CHFL,COVID19Death,vaccine,all,limited,2021-11-25_07-51-54,TRUE
202109,50 - 59,fully_vaccinated,0,0,30726,0,NA,CHFL,COVID19Death,vaccine,all,limited,2021-11-25_07-51-54,TRUE
202109,50 - 59,partially_vaccinated,0,0,30340,0,NA,CHFL,COVID19Death,vaccine,all,limited,2021-11-25_07-51-54,TRUE
202109,50 - 59,not_vaccinated,2,5,1244477,0.16,NA,CHFL,COVID19Death,vaccine,all,limited,2021-11-25_07-51-54,TRUE
202109,50 - 59,unknown,1,10,NA,NA,NA,CHFL,COVID19Death,vaccine,all,limited,2021-11-25_07-51-54,TRUE
202109,60 - 69,fully_vaccinated,0,0,32012,0,NA,CHFL,COVID19Death,vaccine,all,limited,2021-11-25_07-51-54,TRUE
202109,60 - 69,partially_vaccinated,0,0,33253,0,NA,CHFL,COVID19Death,vaccine,all,limited,2021-11-25_07-51-54,TRUE
202109,60 - 69,not_vaccinated,6,26,907012,0.66,NA,CHFL,COVID19Death,vaccine,all,limited,2021-11-25_07-51-54,TRUE
202109,60 - 69,unknown,2,38,NA,NA,NA,CHFL,COVID19Death,vaccine,all,limited,2021-11-25_07-51-54,TRUE
202109,70 - 79,fully_vaccinated,0,1,95860,0,NA,CHFL,COVID19Death,vaccine,all,limited,2021-11-25_07-51-54,TRUE
202109,70 - 79,partially_vaccinated,1,5,80443,1.24,NA,CHFL,COVID19Death,vaccine,all,limited,2021-11-25_07-51-54,TRUE
202109,70 - 79,not_vaccinated,3,56,563610,0.53,NA,CHFL,COVID19Death,vaccine,all,limited,2021-11-25_07-51-54,TRUE
202109,70 - 79,unknown,14,75,NA,NA,NA,CHFL,COVID19Death,vaccine,all,limited,2021-11-25_07-51-54,TRUE
202109,80+,fully_vaccinated,0,3,140179,0,NA,CHFL,COVID19Death,vaccine,all,limited,2021-11-25_07-51-54,TRUE
202109,80+,partially_vaccinated,2,40,93487,2.14,NA,CHFL,COVID19Death,vaccine,all,limited,2021-11-25_07-51-54,TRUE
202109,80+,not_vaccinated,14,150,226232,6.19,NA,CHFL,COVID19Death,vaccine,all,limited,2021-11-25_07-51-54,TRUE
202109,80+,unknown,19,261,NA,NA,NA,CHFL,COVID19Death,vaccine,all,limited,2021-11-25_07-51-54,TRUE
202109,Unbekannt,fully_vaccinated,0,0,NA,NA,NA,CHFL,COVID19Death,vaccine,all,limited,2021-11-25_07-51-54,TRUE
202109,Unbekannt,partially_vaccinated,0,0,NA,NA,NA,CHFL,COVID19Death,vaccine,all,limited,2021-11-25_07-51-54,TRUE
202109,Unbekannt,not_vaccinated,0,0,NA,NA,NA,CHFL,COVID19Death,vaccine,all,limited,2021-11-25_07-51-54,TRUE
202109,Unbekannt,unknown,0,0,NA,NA,NA,CHFL,COVID19Death,vaccine,all,limited,2021-11-25_07-51-54,TRUE
202110,0 - 9,fully_vaccinated,0,0,24,0,NA,CHFL,COVID19Death,vaccine,all,limited,2021-11-25_07-51-54,TRUE
202110,0 - 9,partially_vaccinated,0,0,14,0,NA,CHFL,COVID19Death,vaccine,all,limited,2021-11-25_07-51-54,TRUE
202110,0 - 9,not_vaccinated,0,0,880549,0,NA,CHFL,COVID19Death,vaccine,all,limited,2021-11-25_07-51-54,TRUE
202110,0 - 9,unknown,0,0,NA,NA,NA,CHFL,COVID19Death,vaccine,all,limited,2021-11-25_07-51-54,TRUE
202110,10 - 19,fully_vaccinated,0,0,1338,0,NA,CHFL,COVID19Death,vaccine,all,limited,2021-11-25_07-51-54,TRUE
202110,10 - 19,partially_vaccinated,0,0,1220,0,NA,CHFL,COVID19Death,vaccine,all,limited,2021-11-25_07-51-54,TRUE
202110,10 - 19,not_vaccinated,0,0,850817,0,NA,CHFL,COVID19Death,vaccine,all,limited,2021-11-25_07-51-54,TRUE
202110,10 - 19,unknown,0,0,NA,NA,NA,CHFL,COVID19Death,vaccine,all,limited,2021-11-25_07-51-54,TRUE
202110,20 - 29,fully_vaccinated,0,0,10379,0,NA,CHFL,COVID19Death,vaccine,all,limited,2021-11-25_07-51-54,TRUE
202110,20 - 29,partially_vaccinated,0,0,10438,0,NA,CHFL,COVID19Death,vaccine,all,limited,2021-11-25_07-51-54,TRUE
202110,20 - 29,not_vaccinated,0,0,1021800,0,NA,CHFL,COVID19Death,vaccine,all,limited,2021-11-25_07-51-54,TRUE
202110,20 - 29,unknown,0,0,NA,NA,NA,CHFL,COVID19Death,vaccine,all,limited,2021-11-25_07-51-54,TRUE
202110,30 - 39,fully_vaccinated,0,0,16434,0,NA,CHFL,COVID19Death,vaccine,all,limited,2021-11-25_07-51-54,TRUE
202110,30 - 39,partially_vaccinated,0,0,16127,0,NA,CHFL,COVID19Death,vaccine,all,limited,2021-11-25_07-51-54,TRUE
202110,30 - 39,not_vaccinated,0,0,1215679,0,NA,CHFL,COVID19Death,vaccine,all,limited,2021-11-25_07-51-54,TRUE
202110,30 - 39,unknown,0,0,NA,NA,NA,CHFL,COVID19Death,vaccine,all,limited,2021-11-25_07-51-54,TRUE
202110,40 - 49,fully_vaccinated,0,0,22754,0,NA,CHFL,COVID19Death,vaccine,all,limited,2021-11-25_07-51-54,TRUE
202110,40 - 49,partially_vaccinated,0,0,21104,0,NA,CHFL,COVID19Death,vaccine,all,limited,2021-11-25_07-51-54,TRUE
202110,40 - 49,not_vaccinated,0,3,1163047,0,NA,CHFL,COVID19Death,vaccine,all,limited,2021-11-25_07-51-54,TRUE
202110,40 - 49,unknown,0,4,NA,NA,NA,CHFL,COVID19Death,vaccine,all,limited,2021-11-25_07-51-54,TRUE
202110,50 - 59,fully_vaccinated,0,0,36335,0,NA,CHFL,COVID19Death,vaccine,all,limited,2021-11-25_07-51-54,TRUE
202110,50 - 59,partially_vaccinated,0,0,34577,0,NA,CHFL,COVID19Death,vaccine,all,limited,2021-11-25_07-51-54,TRUE
202110,50 - 59,not_vaccinated,3,8,1234631,0.24,NA,CHFL,COVID19Death,vaccine,all,limited,2021-11-25_07-51-54,TRUE
202110,50 - 59,unknown,0,10,NA,NA,NA,CHFL,COVID19Death,vaccine,all,limited,2021-11-25_07-51-54,TRUE
202110,60 - 69,fully_vaccinated,0,0,38192,0,NA,CHFL,COVID19Death,vaccine,all,limited,2021-11-25_07-51-54,TRUE
202110,60 - 69,partially_vaccinated,0,0,39361,0,NA,CHFL,COVID19Death,vaccine,all,limited,2021-11-25_07-51-54,TRUE
202110,60 - 69,not_vaccinated,6,32,894724,0.67,NA,CHFL,COVID19Death,vaccine,all,limited,2021-11-25_07-51-54,TRUE
202110,60 - 69,unknown,3,41,NA,NA,NA,CHFL,COVID19Death,vaccine,all,limited,2021-11-25_07-51-54,TRUE
202110,70 - 79,fully_vaccinated,0,1,113398,0,NA,CHFL,COVID19Death,vaccine,all,limited,2021-11-25_07-51-54,TRUE
202110,70 - 79,partially_vaccinated,0,5,92079,0,NA,CHFL,COVID19Death,vaccine,all,limited,2021-11-25_07-51-54,TRUE
202110,70 - 79,not_vaccinated,11,67,534436,2.06,NA,CHFL,COVID19Death,vaccine,all,limited,2021-11-25_07-51-54,TRUE
202110,70 - 79,unknown,12,87,NA,NA,NA,CHFL,COVID19Death,vaccine,all,limited,2021-11-25_07-51-54,TRUE
202110,80+,fully_vaccinated,3,6,165814,1.81,NA,CHFL,COVID19Death,vaccine,all,limited,2021-11-25_07-51-54,TRUE
202110,80+,partially_vaccinated,3,43,92591,3.24,NA,CHFL,COVID19Death,vaccine,all,limited,2021-11-25_07-51-54,TRUE
202110,80+,not_vaccinated,18,168,201493,8.93,NA,CHFL,COVID19Death,vaccine,all,limited,2021-11-25_07-51-54,TRUE
202110,80+,unknown,16,277,NA,NA,NA,CHFL,COVID19Death,vaccine,all,limited,2021-11-25_07-51-54,TRUE
202110,Unbekannt,fully_vaccinated,0,0,NA,NA,NA,CHFL,COVID19Death,vaccine,all,limited,2021-11-25_07-51-54,TRUE
202110,Unbekannt,partially_vaccinated,0,0,NA,NA,NA,CHFL,COVID19Death,vaccine,all,limited,2021-11-25_07-51-54,TRUE
202110,Unbekannt,not_vaccinated,0,0,NA,NA,NA,CHFL,COVID19Death,vaccine,all,limited,2021-11-25_07-51-54,TRUE
202110,Unbekannt,unknown,0,0,NA,NA,NA,CHFL,COVID19Death,vaccine,all,limited,2021-11-25_07-51-54,TRUE
202111,0 - 9,fully_vaccinated,0,0,26,0,NA,CHFL,COVID19Death,vaccine,all,limited,2021-11-25_07-51-54,TRUE
202111,0 - 9,partially_vaccinated,0,0,18,0,NA,CHFL,COVID19Death,vaccine,all,limited,2021-11-25_07-51-54,TRUE
202111,0 - 9,not_vaccinated,0,0,880543,0,NA,CHFL,COVID19Death,vaccine,all,limited,2021-11-25_07-51-54,TRUE
202111,0 - 9,unknown,0,0,NA,NA,NA,CHFL,COVID19Death,vaccine,all,limited,2021-11-25_07-51-54,TRUE
202111,10 - 19,fully_vaccinated,0,0,1695,0,NA,CHFL,COVID19Death,vaccine,all,limited,2021-11-25_07-51-54,TRUE
202111,10 - 19,partially_vaccinated,0,0,1178,0,NA,CHFL,COVID19Death,vaccine,all,limited,2021-11-25_07-51-54,TRUE
202111,10 - 19,not_vaccinated,0,0,850502,0,NA,CHFL,COVID19Death,vaccine,all,limited,2021-11-25_07-51-54,TRUE
202111,10 - 19,unknown,0,0,NA,NA,NA,CHFL,COVID19Death,vaccine,all,limited,2021-11-25_07-51-54,TRUE
202111,20 - 29,fully_vaccinated,0,0,13223,0,NA,CHFL,COVID19Death,vaccine,all,limited,2021-11-25_07-51-54,TRUE
202111,20 - 29,partially_vaccinated,0,0,9822,0,NA,CHFL,COVID19Death,vaccine,all,limited,2021-11-25_07-51-54,TRUE
202111,20 - 29,not_vaccinated,0,0,1019572,0,NA,CHFL,COVID19Death,vaccine,all,limited,2021-11-25_07-51-54,TRUE
202111,20 - 29,unknown,0,0,NA,NA,NA,CHFL,COVID19Death,vaccine,all,limited,2021-11-25_07-51-54,TRUE
202111,30 - 39,fully_vaccinated,0,0,20960,0,NA,CHFL,COVID19Death,vaccine,all,limited,2021-11-25_07-51-54,TRUE
202111,30 - 39,partially_vaccinated,0,0,15368,0,NA,CHFL,COVID19Death,vaccine,all,limited,2021-11-25_07-51-54,TRUE
202111,30 - 39,not_vaccinated,0,0,1211912,0,NA,CHFL,COVID19Death,vaccine,all,limited,2021-11-25_07-51-54,TRUE
202111,30 - 39,unknown,0,0,NA,NA,NA,CHFL,COVID19Death,vaccine,all,limited,2021-11-25_07-51-54,TRUE
202111,40 - 49,fully_vaccinated,0,0,28603,0,NA,CHFL,COVID19Death,vaccine,all,limited,2021-11-25_07-51-54,TRUE
202111,40 - 49,partially_vaccinated,0,0,20775,0,NA,CHFL,COVID19Death,vaccine,all,limited,2021-11-25_07-51-54,TRUE
202111,40 - 49,not_vaccinated,0,3,1157527,0,NA,CHFL,COVID19Death,vaccine,all,limited,2021-11-25_07-51-54,TRUE
202111,40 - 49,unknown,1,5,NA,NA,NA,CHFL,COVID19Death,vaccine,all,limited,2021-11-25_07-51-54,TRUE
202111,50 - 59,fully_vaccinated,0,0,45974,0,NA,CHFL,COVID19Death,vaccine,all,limited,2021-11-25_07-51-54,TRUE
202111,50 - 59,partially_vaccinated,0,0,34399,0,NA,CHFL,COVID19Death,vaccine,all,limited,2021-11-25_07-51-54,TRUE
202111,50 - 59,not_vaccinated,2,10,1225170,0.16,NA,CHFL,COVID19Death,vaccine,all,limited,2021-11-25_07-51-54,TRUE
202111,50 - 59,unknown,0,10,NA,NA,NA,CHFL,COVID19Death,vaccine,all,limited,2021-11-25_07-51-54,TRUE
202111,60 - 69,fully_vaccinated,0,0,47205,0,NA,CHFL,COVID19Death,vaccine,all,limited,2021-11-25_07-51-54,TRUE
202111,60 - 69,partially_vaccinated,0,0,44793,0,NA,CHFL,COVID19Death,vaccine,all,limited,2021-11-25_07-51-54,TRUE
202111,60 - 69,not_vaccinated,4,36,880279,0.45,NA,CHFL,COVID19Death,vaccine,all,limited,2021-11-25_07-51-54,TRUE
202111,60 - 69,unknown,6,47,NA,NA,NA,CHFL,COVID19Death,vaccine,all,limited,2021-11-25_07-51-54,TRUE
202111,70 - 79,fully_vaccinated,0,1,130450,0,NA,CHFL,COVID19Death,vaccine,all,limited,2021-11-25_07-51-54,TRUE
202111,70 - 79,partially_vaccinated,0,5,100572,0,NA,CHFL,COVID19Death,vaccine,all,limited,2021-11-25_07-51-54,TRUE
202111,70 - 79,not_vaccinated,7,74,508891,1.38,NA,CHFL,COVID19Death,vaccine,all,limited,2021-11-25_07-51-54,TRUE
202111,70 - 79,unknown,8,95,NA,NA,NA,CHFL,COVID19Death,vaccine,all,limited,2021-11-25_07-51-54,TRUE
202111,80+,fully_vaccinated,1,7,190409,0.53,NA,CHFL,COVID19Death,vaccine,all,limited,2021-11-25_07-51-54,TRUE
202111,80+,partially_vaccinated,6,49,84584,7.09,NA,CHFL,COVID19Death,vaccine,all,limited,2021-11-25_07-51-54,TRUE
202111,80+,not_vaccinated,9,177,184905,4.87,NA,CHFL,COVID19Death,vaccine,all,limited,2021-11-25_07-51-54,TRUE
202111,80+,unknown,18,295,NA,NA,NA,CHFL,COVID19Death,vaccine,all,limited,2021-11-25_07-51-54,TRUE
202111,Unbekannt,fully_vaccinated,0,0,NA,NA,NA,CHFL,COVID19Death,vaccine,all,limited,2021-11-25_07-51-54,TRUE
202111,Unbekannt,partially_vaccinated,0,0,NA,NA,NA,CHFL,COVID19Death,vaccine,all,limited,2021-11-25_07-51-54,TRUE
202111,Unbekannt,not_vaccinated,0,0,NA,NA,NA,CHFL,COVID19Death,vaccine,all,limited,2021-11-25_07-51-54,TRUE
202111,Unbekannt,unknown,0,0,NA,NA,NA,CHFL,COVID19Death,vaccine,all,limited,2021-11-25_07-51-54,TRUE
202112,0 - 9,fully_vaccinated,0,0,28,0,NA,CHFL,COVID19Death,vaccine,all,limited,2021-11-25_07-51-54,TRUE
202112,0 - 9,partially_vaccinated,0,0,18,0,NA,CHFL,COVID19Death,vaccine,all,limited,2021-11-25_07-51-54,TRUE
202112,0 - 9,not_vaccinated,0,0,880541,0,NA,CHFL,COVID19Death,vaccine,all,limited,2021-11-25_07-51-54,TRUE
202112,0 - 9,unknown,0,0,NA,NA,NA,CHFL,COVID19Death,vaccine,all,limited,2021-11-25_07-51-54,TRUE
202112,10 - 19,fully_vaccinated,0,0,1922,0,NA,CHFL,COVID19Death,vaccine,all,limited,2021-11-25_07-51-54,TRUE
202112,10 - 19,partially_vaccinated,0,0,1337,0,NA,CHFL,COVID19Death,vaccine,all,limited,2021-11-25_07-51-54,TRUE
202112,10 - 19,not_vaccinated,0,0,850116,0,NA,CHFL,COVID19Death,vaccine,all,limited,2021-11-25_07-51-54,TRUE
202112,10 - 19,unknown,1,1,NA,NA,NA,CHFL,COVID19Death,vaccine,all,limited,2021-11-25_07-51-54,TRUE
202112,20 - 29,fully_vaccinated,0,0,15478,0,NA,CHFL,COVID19Death,vaccine,all,limited,2021-11-25_07-51-54,TRUE
202112,20 - 29,partially_vaccinated,0,0,10837,0,NA,CHFL,COVID19Death,vaccine,all,limited,2021-11-25_07-51-54,TRUE
202112,20 - 29,not_vaccinated,0,0,1016302,0,NA,CHFL,COVID19Death,vaccine,all,limited,2021-11-25_07-51-54,TRUE
202112,20 - 29,unknown,0,0,NA,NA,NA,CHFL,COVID19Death,vaccine,all,limited,2021-11-25_07-51-54,TRUE
202112,30 - 39,fully_vaccinated,0,0,24611,0,NA,CHFL,COVID19Death,vaccine,all,limited,2021-11-25_07-51-54,TRUE
202112,30 - 39,partially_vaccinated,0,0,16729,0,NA,CHFL,COVID19Death,vaccine,all,limited,2021-11-25_07-51-54,TRUE
202112,30 - 39,not_vaccinated,0,0,1206900,0,NA,CHFL,COVID19Death,vaccine,all,limited,2021-11-25_07-51-54,TRUE
202112,30 - 39,unknown,0,0,NA,NA,NA,CHFL,COVID19Death,vaccine,all,limited,2021-11-25_07-51-54,TRUE
202112,40 - 49,fully_vaccinated,0,0,33518,0,NA,CHFL,COVID19Death,vaccine,all,limited,2021-11-25_07-51-54,TRUE
202112,40 - 49,partially_vaccinated,0,0,23088,0,NA,CHFL,COVID19Death,vaccine,all,limited,2021-11-25_07-51-54,TRUE
202112,40 - 49,not_vaccinated,0,3,1150299,0,NA,CHFL,COVID19Death,vaccine,all,limited,2021-11-25_07-51-54,TRUE
202112,40 - 49,unknown,0,5,NA,NA,NA,CHFL,COVID19Death,vaccine,all,limited,2021-11-25_07-51-54,TRUE
202112,50 - 59,fully_vaccinated,0,0,54000,0,NA,CHFL,COVID19Death,vaccine,all,limited,2021-11-25_07-51-54,TRUE
202112,50 - 59,partially_vaccinated,0,0,39762,0,NA,CHFL,COVID19Death,vaccine,all,limited,2021-11-25_07-51-54,TRUE
202112,50 - 59,not_vaccinated,2,12,1211781,0.17,NA,CHFL,COVID19Death,vaccine,all,limited,2021-11-25_07-51-54,TRUE
202112,50 - 59,unknown,1,11,NA,NA,NA,CHFL,COVID19Death,vaccine,all,limited,2021-11-25_07-51-54,TRUE
202112,60 - 69,fully_vaccinated,0,0,56343,0,NA,CHFL,COVID19Death,vaccine,all,limited,2021-11-25_07-51-54,TRUE
202112,60 - 69,partially_vaccinated,0,0,58130,0,NA,CHFL,COVID19Death,vaccine,all,limited,2021-11-25_07-51-54,TRUE
202112,60 - 69,not_vaccinated,4,40,857804,0.47,NA,CHFL,COVID19Death,vaccine,all,limited,2021-11-25_07-51-54,TRUE
202112,60 - 69,unknown,4,51,NA,NA,NA,CHFL,COVID19Death,vaccine,all,limited,2021-11-25_07-51-54,TRUE
202112,70 - 79,fully_vaccinated,1,2,150737,0.66,NA,CHFL,COVID19Death,vaccine,all,limited,2021-11-25_07-51-54,TRUE
202112,70 - 79,partially_vaccinated,2,7,120139,1.66,NA,CHFL,COVID19Death,vaccine,all,limited,2021-11-25_07-51-54,TRUE
202112,70 - 79,not_vaccinated,8,82,469037,1.71,NA,CHFL,COVID19Death,vaccine,all,limited,2021-11-25_07-51-54,TRUE
202112,70 - 79,unknown,4,99,NA,NA,NA,CHFL,COVID19Death,vaccine,all,limited,2021-11-25_07-51-54,TRUE
202112,80+,fully_vaccinated,1,8,211455,0.47,NA,CHFL,COVID19Death,vaccine,all,limited,2021-11-25_07-51-54,TRUE
202112,80+,partially_vaccinated,2,51,85682,2.33,NA,CHFL,COVID19Death,vaccine,all,limited,2021-11-25_07-51-54,TRUE
202112,80+,not_vaccinated,16,193,162761,9.83,NA,CHFL,COVID19Death,vaccine,all,limited,2021-11-25_07-51-54,TRUE
202112,80+,unknown,14,309,NA,NA,NA,CHFL,COVID19Death,vaccine,all,limited,2021-11-25_07-51-54,TRUE
202112,Unbekannt,fully_vaccinated,0,0,NA,NA,NA,CHFL,COVID19Death,vaccine,all,limited,2021-11-25_07-51-54,TRUE
202112,Unbekannt,partially_vaccinated,0,0,NA,NA,NA,CHFL,COVID19Death,vaccine,all,limited,2021-11-25_07-51-54,TRUE
202112,Unbekannt,not_vaccinated,0,0,NA,NA,NA,CHFL,COVID19Death,vaccine,all,limited,2021-11-25_07-51-54,TRUE
202112,Unbekannt,unknown,0,0,NA,NA,NA,CHFL,COVID19Death,vaccine,all,limited,2021-11-25_07-51-54,TRUE
202113,0 - 9,fully_vaccinated,0,0,31,0,NA,CHFL,COVID19Death,vaccine,all,limited,2021-11-25_07-51-54,TRUE
202113,0 - 9,partially_vaccinated,0,0,18,0,NA,CHFL,COVID19Death,vaccine,all,limited,2021-11-25_07-51-54,TRUE
202113,0 - 9,not_vaccinated,0,0,880538,0,NA,CHFL,COVID19Death,vaccine,all,limited,2021-11-25_07-51-54,TRUE
202113,0 - 9,unknown,0,0,NA,NA,NA,CHFL,COVID19Death,vaccine,all,limited,2021-11-25_07-51-54,TRUE
202113,10 - 19,fully_vaccinated,0,0,2127,0,NA,CHFL,COVID19Death,vaccine,all,limited,2021-11-25_07-51-54,TRUE
202113,10 - 19,partially_vaccinated,0,0,1517,0,NA,CHFL,COVID19Death,vaccine,all,limited,2021-11-25_07-51-54,TRUE
202113,10 - 19,not_vaccinated,0,0,849731,0,NA,CHFL,COVID19Death,vaccine,all,limited,2021-11-25_07-51-54,TRUE
202113,10 - 19,unknown,0,1,NA,NA,NA,CHFL,COVID19Death,vaccine,all,limited,2021-11-25_07-51-54,TRUE
202113,20 - 29,fully_vaccinated,0,0,17462,0,NA,CHFL,COVID19Death,vaccine,all,limited,2021-11-25_07-51-54,TRUE
202113,20 - 29,partially_vaccinated,0,0,11725,0,NA,CHFL,COVID19Death,vaccine,all,limited,2021-11-25_07-51-54,TRUE
202113,20 - 29,not_vaccinated,0,0,1013430,0,NA,CHFL,COVID19Death,vaccine,all,limited,2021-11-25_07-51-54,TRUE
202113,20 - 29,unknown,0,0,NA,NA,NA,CHFL,COVID19Death,vaccine,all,limited,2021-11-25_07-51-54,TRUE
202113,30 - 39,fully_vaccinated,0,0,27678,0,NA,CHFL,COVID19Death,vaccine,all,limited,2021-11-25_07-51-54,TRUE
202113,30 - 39,partially_vaccinated,0,0,18283,0,NA,CHFL,COVID19Death,vaccine,all,limited,2021-11-25_07-51-54,TRUE
202113,30 - 39,not_vaccinated,0,0,1202279,0,NA,CHFL,COVID19Death,vaccine,all,limited,2021-11-25_07-51-54,TRUE
202113,30 - 39,unknown,0,0,NA,NA,NA,CHFL,COVID19Death,vaccine,all,limited,2021-11-25_07-51-54,TRUE
202113,40 - 49,fully_vaccinated,0,0,37404,0,NA,CHFL,COVID19Death,vaccine,all,limited,2021-11-25_07-51-54,TRUE
202113,40 - 49,partially_vaccinated,0,0,25969,0,NA,CHFL,COVID19Death,vaccine,all,limited,2021-11-25_07-51-54,TRUE
202113,40 - 49,not_vaccinated,0,3,1143532,0,NA,CHFL,COVID19Death,vaccine,all,limited,2021-11-25_07-51-54,TRUE
202113,40 - 49,unknown,0,5,NA,NA,NA,CHFL,COVID19Death,vaccine,all,limited,2021-11-25_07-51-54,TRUE
202113,50 - 59,fully_vaccinated,0,0,60333,0,NA,CHFL,COVID19Death,vaccine,all,limited,2021-11-25_07-51-54,TRUE
202113,50 - 59,partially_vaccinated,0,0,45812,0,NA,CHFL,COVID19Death,vaccine,all,limited,2021-11-25_07-51-54,TRUE
202113,50 - 59,not_vaccinated,4,16,1199398,0.33,NA,CHFL,COVID19Death,vaccine,all,limited,2021-11-25_07-51-54,TRUE
202113,50 - 59,unknown,0,11,NA,NA,NA,CHFL,COVID19Death,vaccine,all,limited,2021-11-25_07-51-54,TRUE
202113,60 - 69,fully_vaccinated,0,0,64283,0,NA,CHFL,COVID19Death,vaccine,all,limited,2021-11-25_07-51-54,TRUE
202113,60 - 69,partially_vaccinated,0,0,75509,0,NA,CHFL,COVID19Death,vaccine,all,limited,2021-11-25_07-51-54,TRUE
202113,60 - 69,not_vaccinated,7,47,832485,0.84,NA,CHFL,COVID19Death,vaccine,all,limited,2021-11-25_07-51-54,TRUE
202113,60 - 69,unknown,4,55,NA,NA,NA,CHFL,COVID19Death,vaccine,all,limited,2021-11-25_07-51-54,TRUE
202113,70 - 79,fully_vaccinated,0,2,173739,0,NA,CHFL,COVID19Death,vaccine,all,limited,2021-11-25_07-51-54,TRUE
202113,70 - 79,partially_vaccinated,1,8,135833,0.74,NA,CHFL,COVID19Death,vaccine,all,limited,2021-11-25_07-51-54,TRUE
202113,70 - 79,not_vaccinated,6,88,430341,1.39,NA,CHFL,COVID19Death,vaccine,all,limited,2021-11-25_07-51-54,TRUE
202113,70 - 79,unknown,9,108,NA,NA,NA,CHFL,COVID19Death,vaccine,all,limited,2021-11-25_07-51-54,TRUE
202113,80+,fully_vaccinated,1,9,231692,0.43,NA,CHFL,COVID19Death,vaccine,all,limited,2021-11-25_07-51-54,TRUE
202113,80+,partially_vaccinated,3,54,83837,3.58,NA,CHFL,COVID19Death,vaccine,all,limited,2021-11-25_07-51-54,TRUE
202113,80+,not_vaccinated,24,217,144369,16.62,NA,CHFL,COVID19Death,vaccine,all,limited,2021-11-25_07-51-54,TRUE
202113,80+,unknown,12,321,NA,NA,NA,CHFL,COVID19Death,vaccine,all,limited,2021-11-25_07-51-54,TRUE
202113,Unbekannt,fully_vaccinated,0,0,NA,NA,NA,CHFL,COVID19Death,vaccine,all,limited,2021-11-25_07-51-54,TRUE
202113,Unbekannt,partially_vaccinated,0,0,NA,NA,NA,CHFL,COVID19Death,vaccine,all,limited,2021-11-25_07-51-54,TRUE
202113,Unbekannt,not_vaccinated,0,0,NA,NA,NA,CHFL,COVID19Death,vaccine,all,limited,2021-11-25_07-51-54,TRUE
202113,Unbekannt,unknown,0,0,NA,NA,NA,CHFL,COVID19Death,vaccine,all,limited,2021-11-25_07-51-54,TRUE
202114,0 - 9,fully_vaccinated,0,0,33,0,NA,CHFL,COVID19Death,vaccine,all,limited,2021-11-25_07-51-54,TRUE
202114,0 - 9,partially_vaccinated,0,0,23,0,NA,CHFL,COVID19Death,vaccine,all,limited,2021-11-25_07-51-54,TRUE
202114,0 - 9,not_vaccinated,0,0,880531,0,NA,CHFL,COVID19Death,vaccine,all,limited,2021-11-25_07-51-54,TRUE
202114,0 - 9,unknown,0,0,NA,NA,NA,CHFL,COVID19Death,vaccine,all,limited,2021-11-25_07-51-54,TRUE
202114,10 - 19,fully_vaccinated,0,0,2443,0,NA,CHFL,COVID19Death,vaccine,all,limited,2021-11-25_07-51-54,TRUE
202114,10 - 19,partially_vaccinated,0,0,1501,0,NA,CHFL,COVID19Death,vaccine,all,limited,2021-11-25_07-51-54,TRUE
202114,10 - 19,not_vaccinated,0,0,849431,0,NA,CHFL,COVID19Death,vaccine,all,limited,2021-11-25_07-51-54,TRUE
202114,10 - 19,unknown,0,1,NA,NA,NA,CHFL,COVID19Death,vaccine,all,limited,2021-11-25_07-51-54,TRUE
202114,20 - 29,fully_vaccinated,0,0,20327,0,NA,CHFL,COVID19Death,vaccine,all,limited,2021-11-25_07-51-54,TRUE
202114,20 - 29,partially_vaccinated,0,0,11763,0,NA,CHFL,COVID19Death,vaccine,all,limited,2021-11-25_07-51-54,TRUE
202114,20 - 29,not_vaccinated,0,0,1010527,0,NA,CHFL,COVID19Death,vaccine,all,limited,2021-11-25_07-51-54,TRUE
202114,20 - 29,unknown,0,0,NA,NA,NA,CHFL,COVID19Death,vaccine,all,limited,2021-11-25_07-51-54,TRUE
202114,30 - 39,fully_vaccinated,0,0,31978,0,NA,CHFL,COVID19Death,vaccine,all,limited,2021-11-25_07-51-54,TRUE
202114,30 - 39,partially_vaccinated,0,0,18371,0,NA,CHFL,COVID19Death,vaccine,all,limited,2021-11-25_07-51-54,TRUE
202114,30 - 39,not_vaccinated,0,0,1197891,0,NA,CHFL,COVID19Death,vaccine,all,limited,2021-11-25_07-51-54,TRUE
202114,30 - 39,unknown,0,0,NA,NA,NA,CHFL,COVID19Death,vaccine,all,limited,2021-11-25_07-51-54,TRUE
202114,40 - 49,fully_vaccinated,0,0,43038,0,NA,CHFL,COVID19Death,vaccine,all,limited,2021-11-25_07-51-54,TRUE
202114,40 - 49,partially_vaccinated,0,0,26602,0,NA,CHFL,COVID19Death,vaccine,all,limited,2021-11-25_07-51-54,TRUE
202114,40 - 49,not_vaccinated,0,3,1137265,0,NA,CHFL,COVID19Death,vaccine,all,limited,2021-11-25_07-51-54,TRUE
202114,40 - 49,unknown,0,5,NA,NA,NA,CHFL,COVID19Death,vaccine,all,limited,2021-11-25_07-51-54,TRUE
202114,50 - 59,fully_vaccinated,0,0,69684,0,NA,CHFL,COVID19Death,vaccine,all,limited,2021-11-25_07-51-54,TRUE
202114,50 - 59,partially_vaccinated,0,0,48101,0,NA,CHFL,COVID19Death,vaccine,all,limited,2021-11-25_07-51-54,TRUE
202114,50 - 59,not_vaccinated,2,18,1187758,0.17,NA,CHFL,COVID19Death,vaccine,all,limited,2021-11-25_07-51-54,TRUE
202114,50 - 59,unknown,1,12,NA,NA,NA,CHFL,COVID19Death,vaccine,all,limited,2021-11-25_07-51-54,TRUE
202114,60 - 69,fully_vaccinated,0,0,76376,0,NA,CHFL,COVID19Death,vaccine,all,limited,2021-11-25_07-51-54,TRUE
202114,60 - 69,partially_vaccinated,1,1,99908,1,NA,CHFL,COVID19Death,vaccine,all,limited,2021-11-25_07-51-54,TRUE
202114,60 - 69,not_vaccinated,5,52,795993,0.63,NA,CHFL,COVID19Death,vaccine,all,limited,2021-11-25_07-51-54,TRUE
202114,60 - 69,unknown,2,57,NA,NA,NA,CHFL,COVID19Death,vaccine,all,limited,2021-11-25_07-51-54,TRUE
202114,70 - 79,fully_vaccinated,0,2,202844,0,NA,CHFL,COVID19Death,vaccine,all,limited,2021-11-25_07-51-54,TRUE
202114,70 - 79,partially_vaccinated,1,9,153721,0.65,NA,CHFL,COVID19Death,vaccine,all,limited,2021-11-25_07-51-54,TRUE
202114,70 - 79,not_vaccinated,13,101,383348,3.39,NA,CHFL,COVID19Death,vaccine,all,limited,2021-11-25_07-51-54,TRUE
202114,70 - 79,unknown,10,118,NA,NA,NA,CHFL,COVID19Death,vaccine,all,limited,2021-11-25_07-51-54,TRUE
202114,80+,fully_vaccinated,2,11,255793,0.78,NA,CHFL,COVID19Death,vaccine,all,limited,2021-11-25_07-51-54,TRUE
202114,80+,partially_vaccinated,1,55,75152,1.33,NA,CHFL,COVID19Death,vaccine,all,limited,2021-11-25_07-51-54,TRUE
202114,80+,not_vaccinated,14,231,128953,10.86,NA,CHFL,COVID19Death,vaccine,all,limited,2021-11-25_07-51-54,TRUE
202114,80+,unknown,11,332,NA,NA,NA,CHFL,COVID19Death,vaccine,all,limited,2021-11-25_07-51-54,TRUE
202114,Unbekannt,fully_vaccinated,0,0,NA,NA,NA,CHFL,COVID19Death,vaccine,all,limited,2021-11-25_07-51-54,TRUE
202114,Unbekannt,partially_vaccinated,0,0,NA,NA,NA,CHFL,COVID19Death,vaccine,all,limited,2021-11-25_07-51-54,TRUE
202114,Unbekannt,not_vaccinated,0,0,NA,NA,NA,CHFL,COVID19Death,vaccine,all,limited,2021-11-25_07-51-54,TRUE
202114,Unbekannt,unknown,0,0,NA,NA,NA,CHFL,COVID19Death,vaccine,all,limited,2021-11-25_07-51-54,TRUE
202115,0 - 9,fully_vaccinated,0,0,38,0,NA,CHFL,COVID19Death,vaccine,all,limited,2021-11-25_07-51-54,TRUE
202115,0 - 9,partially_vaccinated,0,0,21,0,NA,CHFL,COVID19Death,vaccine,all,limited,2021-11-25_07-51-54,TRUE
202115,0 - 9,not_vaccinated,0,0,880528,0,NA,CHFL,COVID19Death,vaccine,all,limited,2021-11-25_07-51-54,TRUE
202115,0 - 9,unknown,0,0,NA,NA,NA,CHFL,COVID19Death,vaccine,all,limited,2021-11-25_07-51-54,TRUE
202115,10 - 19,fully_vaccinated,0,0,2776,0,NA,CHFL,COVID19Death,vaccine,all,limited,2021-11-25_07-51-54,TRUE
202115,10 - 19,partially_vaccinated,0,0,1754,0,NA,CHFL,COVID19Death,vaccine,all,limited,2021-11-25_07-51-54,TRUE
202115,10 - 19,not_vaccinated,0,0,848845,0,NA,CHFL,COVID19Death,vaccine,all,limited,2021-11-25_07-51-54,TRUE
202115,10 - 19,unknown,0,1,NA,NA,NA,CHFL,COVID19Death,vaccine,all,limited,2021-11-25_07-51-54,TRUE
202115,20 - 29,fully_vaccinated,0,0,22792,0,NA,CHFL,COVID19Death,vaccine,all,limited,2021-11-25_07-51-54,TRUE
202115,20 - 29,partially_vaccinated,0,0,14655,0,NA,CHFL,COVID19Death,vaccine,all,limited,2021-11-25_07-51-54,TRUE
202115,20 - 29,not_vaccinated,0,0,1005170,0,NA,CHFL,COVID19Death,vaccine,all,limited,2021-11-25_07-51-54,TRUE
202115,20 - 29,unknown,0,0,NA,NA,NA,CHFL,COVID19Death,vaccine,all,limited,2021-11-25_07-51-54,TRUE
202115,30 - 39,fully_vaccinated,0,0,35990,0,NA,CHFL,COVID19Death,vaccine,all,limited,2021-11-25_07-51-54,TRUE
202115,30 - 39,partially_vaccinated,0,0,23110,0,NA,CHFL,COVID19Death,vaccine,all,limited,2021-11-25_07-51-54,TRUE
202115,30 - 39,not_vaccinated,0,0,1189140,0,NA,CHFL,COVID19Death,vaccine,all,limited,2021-11-25_07-51-54,TRUE
202115,30 - 39,unknown,0,0,NA,NA,NA,CHFL,COVID19Death,vaccine,all,limited,2021-11-25_07-51-54,TRUE
202115,40 - 49,fully_vaccinated,0,0,49024,0,NA,CHFL,COVID19Death,vaccine,all,limited,2021-11-25_07-51-54,TRUE
202115,40 - 49,partially_vaccinated,0,0,33837,0,NA,CHFL,COVID19Death,vaccine,all,limited,2021-11-25_07-51-54,TRUE
202115,40 - 49,not_vaccinated,0,3,1124044,0,NA,CHFL,COVID19Death,vaccine,all,limited,2021-11-25_07-51-54,TRUE
202115,40 - 49,unknown,0,5,NA,NA,NA,CHFL,COVID19Death,vaccine,all,limited,2021-11-25_07-51-54,TRUE
202115,50 - 59,fully_vaccinated,0,0,79905,0,NA,CHFL,COVID19Death,vaccine,all,limited,2021-11-25_07-51-54,TRUE
202115,50 - 59,partially_vaccinated,1,1,62103,1.61,NA,CHFL,COVID19Death,vaccine,all,limited,2021-11-25_07-51-54,TRUE
202115,50 - 59,not_vaccinated,1,19,1163535,0.09,NA,CHFL,COVID19Death,vaccine,all,limited,2021-11-25_07-51-54,TRUE
202115,50 - 59,unknown,1,13,NA,NA,NA,CHFL,COVID19Death,vaccine,all,limited,2021-11-25_07-51-54,TRUE
202115,60 - 69,fully_vaccinated,0,0,92092,0,NA,CHFL,COVID19Death,vaccine,all,limited,2021-11-25_07-51-54,TRUE
202115,60 - 69,partially_vaccinated,0,1,155443,0,NA,CHFL,COVID19Death,vaccine,all,limited,2021-11-25_07-51-54,TRUE
202115,60 - 69,not_vaccinated,4,56,724742,0.55,NA,CHFL,COVID19Death,vaccine,all,limited,2021-11-25_07-51-54,TRUE
202115,60 - 69,unknown,3,60,NA,NA,NA,CHFL,COVID19Death,vaccine,all,limited,2021-11-25_07-51-54,TRUE
202115,70 - 79,fully_vaccinated,0,2,230664,0,NA,CHFL,COVID19Death,vaccine,all,limited,2021-11-25_07-51-54,TRUE
202115,70 - 79,partially_vaccinated,2,11,199377,1,NA,CHFL,COVID19Death,vaccine,all,limited,2021-11-25_07-51-54,TRUE
202115,70 - 79,not_vaccinated,4,105,309872,1.29,NA,CHFL,COVID19Death,vaccine,all,limited,2021-11-25_07-51-54,TRUE
202115,70 - 79,unknown,3,121,NA,NA,NA,CHFL,COVID19Death,vaccine,all,limited,2021-11-25_07-51-54,TRUE
202115,80+,fully_vaccinated,3,14,274627,1.09,NA,CHFL,COVID19Death,vaccine,all,limited,2021-11-25_07-51-54,TRUE
202115,80+,partially_vaccinated,0,55,72412,0,NA,CHFL,COVID19Death,vaccine,all,limited,2021-11-25_07-51-54,TRUE
202115,80+,not_vaccinated,12,243,112859,10.63,NA,CHFL,COVID19Death,vaccine,all,limited,2021-11-25_07-51-54,TRUE
202115,80+,unknown,12,344,NA,NA,NA,CHFL,COVID19Death,vaccine,all,limited,2021-11-25_07-51-54,TRUE
202115,Unbekannt,fully_vaccinated,0,0,NA,NA,NA,CHFL,COVID19Death,vaccine,all,limited,2021-11-25_07-51-54,TRUE
202115,Unbekannt,partially_vaccinated,0,0,NA,NA,NA,CHFL,COVID19Death,vaccine,all,limited,2021-11-25_07-51-54,TRUE
202115,Unbekannt,not_vaccinated,0,0,NA,NA,NA,CHFL,COVID19Death,vaccine,all,limited,2021-11-25_07-51-54,TRUE
202115,Unbekannt,unknown,0,0,NA,NA,NA,CHFL,COVID19Death,vaccine,all,limited,2021-11-25_07-51-54,TRUE
202116,0 - 9,fully_vaccinated,0,0,41,0,NA,CHFL,COVID19Death,vaccine,all,limited,2021-11-25_07-51-54,TRUE
202116,0 - 9,partially_vaccinated,0,0,28,0,NA,CHFL,COVID19Death,vaccine,all,limited,2021-11-25_07-51-54,TRUE
202116,0 - 9,not_vaccinated,0,0,880518,0,NA,CHFL,COVID19Death,vaccine,all,limited,2021-11-25_07-51-54,TRUE
202116,0 - 9,unknown,0,0,NA,NA,NA,CHFL,COVID19Death,vaccine,all,limited,2021-11-25_07-51-54,TRUE
202116,10 - 19,fully_vaccinated,0,0,3170,0,NA,CHFL,COVID19Death,vaccine,all,limited,2021-11-25_07-51-54,TRUE
202116,10 - 19,partially_vaccinated,0,0,2402,0,NA,CHFL,COVID19Death,vaccine,all,limited,2021-11-25_07-51-54,TRUE
202116,10 - 19,not_vaccinated,0,0,847803,0,NA,CHFL,COVID19Death,vaccine,all,limited,2021-11-25_07-51-54,TRUE
202116,10 - 19,unknown,0,1,NA,NA,NA,CHFL,COVID19Death,vaccine,all,limited,2021-11-25_07-51-54,TRUE
202116,20 - 29,fully_vaccinated,0,0,25884,0,NA,CHFL,COVID19Death,vaccine,all,limited,2021-11-25_07-51-54,TRUE
202116,20 - 29,partially_vaccinated,0,0,20100,0,NA,CHFL,COVID19Death,vaccine,all,limited,2021-11-25_07-51-54,TRUE
202116,20 - 29,not_vaccinated,0,0,996633,0,NA,CHFL,COVID19Death,vaccine,all,limited,2021-11-25_07-51-54,TRUE
202116,20 - 29,unknown,0,0,NA,NA,NA,CHFL,COVID19Death,vaccine,all,limited,2021-11-25_07-51-54,TRUE
202116,30 - 39,fully_vaccinated,0,0,40784,0,NA,CHFL,COVID19Death,vaccine,all,limited,2021-11-25_07-51-54,TRUE
202116,30 - 39,partially_vaccinated,0,0,30988,0,NA,CHFL,COVID19Death,vaccine,all,limited,2021-11-25_07-51-54,TRUE
202116,30 - 39,not_vaccinated,0,0,1176468,0,NA,CHFL,COVID19Death,vaccine,all,limited,2021-11-25_07-51-54,TRUE
202116,30 - 39,unknown,0,0,NA,NA,NA,CHFL,COVID19Death,vaccine,all,limited,2021-11-25_07-51-54,TRUE
202116,40 - 49,fully_vaccinated,0,0,56116,0,NA,CHFL,COVID19Death,vaccine,all,limited,2021-11-25_07-51-54,TRUE
202116,40 - 49,partially_vaccinated,0,0,49756,0,NA,CHFL,COVID19Death,vaccine,all,limited,2021-11-25_07-51-54,TRUE
202116,40 - 49,not_vaccinated,1,4,1101033,0.09,NA,CHFL,COVID19Death,vaccine,all,limited,2021-11-25_07-51-54,TRUE
202116,40 - 49,unknown,0,5,NA,NA,NA,CHFL,COVID19Death,vaccine,all,limited,2021-11-25_07-51-54,TRUE
202116,50 - 59,fully_vaccinated,0,0,93422,0,NA,CHFL,COVID19Death,vaccine,all,limited,2021-11-25_07-51-54,TRUE
202116,50 - 59,partially_vaccinated,0,1,97299,0,NA,CHFL,COVID19Death,vaccine,all,limited,2021-11-25_07-51-54,TRUE
202116,50 - 59,not_vaccinated,0,19,1114822,0,NA,CHFL,COVID19Death,vaccine,all,limited,2021-11-25_07-51-54,TRUE
202116,50 - 59,unknown,1,14,NA,NA,NA,CHFL,COVID19Death,vaccine,all,limited,2021-11-25_07-51-54,TRUE
202116,60 - 69,fully_vaccinated,0,0,114811,0,NA,CHFL,COVID19Death,vaccine,all,limited,2021-11-25_07-51-54,TRUE
202116,60 - 69,partially_vaccinated,0,1,222432,0,NA,CHFL,COVID19Death,vaccine,all,limited,2021-11-25_07-51-54,TRUE
202116,60 - 69,not_vaccinated,7,63,635034,1.1,NA,CHFL,COVID19Death,vaccine,all,limited,2021-11-25_07-51-54,TRUE
202116,60 - 69,unknown,2,62,NA,NA,NA,CHFL,COVID19Death,vaccine,all,limited,2021-11-25_07-51-54,TRUE
202116,70 - 79,fully_vaccinated,1,3,268472,0.37,NA,CHFL,COVID19Death,vaccine,all,limited,2021-11-25_07-51-54,TRUE
202116,70 - 79,partially_vaccinated,0,11,227240,0,NA,CHFL,COVID19Death,vaccine,all,limited,2021-11-25_07-51-54,TRUE
202116,70 - 79,not_vaccinated,6,111,244201,2.46,NA,CHFL,COVID19Death,vaccine,all,limited,2021-11-25_07-51-54,TRUE
202116,70 - 79,unknown,8,129,NA,NA,NA,CHFL,COVID19Death,vaccine,all,limited,2021-11-25_07-51-54,TRUE
202116,80+,fully_vaccinated,4,18,296121,1.35,NA,CHFL,COVID19Death,vaccine,all,limited,2021-11-25_07-51-54,TRUE
202116,80+,partially_vaccinated,0,55,62915,0,NA,CHFL,COVID19Death,vaccine,all,limited,2021-11-25_07-51-54,TRUE
202116,80+,not_vaccinated,16,259,100862,15.86,NA,CHFL,COVID19Death,vaccine,all,limited,2021-11-25_07-51-54,TRUE
202116,80+,unknown,8,352,NA,NA,NA,CHFL,COVID19Death,vaccine,all,limited,2021-11-25_07-51-54,TRUE
202116,Unbekannt,fully_vaccinated,0,0,NA,NA,NA,CHFL,COVID19Death,vaccine,all,limited,2021-11-25_07-51-54,TRUE
202116,Unbekannt,partially_vaccinated,0,0,NA,NA,NA,CHFL,COVID19Death,vaccine,all,limited,2021-11-25_07-51-54,TRUE
202116,Unbekannt,not_vaccinated,0,0,NA,NA,NA,CHFL,COVID19Death,vaccine,all,limited,2021-11-25_07-51-54,TRUE
202116,Unbekannt,unknown,0,0,NA,NA,NA,CHFL,COVID19Death,vaccine,all,limited,2021-11-25_07-51-54,TRUE
202117,0 - 9,fully_vaccinated,0,0,42,0,NA,CHFL,COVID19Death,vaccine,all,limited,2021-11-25_07-51-54,TRUE
202117,0 - 9,partially_vaccinated,0,0,32,0,NA,CHFL,COVID19Death,vaccine,all,limited,2021-11-25_07-51-54,TRUE
202117,0 - 9,not_vaccinated,0,0,880513,0,NA,CHFL,COVID19Death,vaccine,all,limited,2021-11-25_07-51-54,TRUE
202117,0 - 9,unknown,0,0,NA,NA,NA,CHFL,COVID19Death,vaccine,all,limited,2021-11-25_07-51-54,TRUE
202117,10 - 19,fully_vaccinated,0,0,3577,0,NA,CHFL,COVID19Death,vaccine,all,limited,2021-11-25_07-51-54,TRUE
202117,10 - 19,partially_vaccinated,0,0,4160,0,NA,CHFL,COVID19Death,vaccine,all,limited,2021-11-25_07-51-54,TRUE
202117,10 - 19,not_vaccinated,0,0,845638,0,NA,CHFL,COVID19Death,vaccine,all,limited,2021-11-25_07-51-54,TRUE
202117,10 - 19,unknown,0,1,NA,NA,NA,CHFL,COVID19Death,vaccine,all,limited,2021-11-25_07-51-54,TRUE
202117,20 - 29,fully_vaccinated,0,0,29273,0,NA,CHFL,COVID19Death,vaccine,all,limited,2021-11-25_07-51-54,TRUE
202117,20 - 29,partially_vaccinated,0,0,31192,0,NA,CHFL,COVID19Death,vaccine,all,limited,2021-11-25_07-51-54,TRUE
202117,20 - 29,not_vaccinated,0,0,982152,0,NA,CHFL,COVID19Death,vaccine,all,limited,2021-11-25_07-51-54,TRUE
202117,20 - 29,unknown,0,0,NA,NA,NA,CHFL,COVID19Death,vaccine,all,limited,2021-11-25_07-51-54,TRUE
202117,30 - 39,fully_vaccinated,0,0,45840,0,NA,CHFL,COVID19Death,vaccine,all,limited,2021-11-25_07-51-54,TRUE
202117,30 - 39,partially_vaccinated,0,0,46099,0,NA,CHFL,COVID19Death,vaccine,all,limited,2021-11-25_07-51-54,TRUE
202117,30 - 39,not_vaccinated,0,0,1156301,0,NA,CHFL,COVID19Death,vaccine,all,limited,2021-11-25_07-51-54,TRUE
202117,30 - 39,unknown,0,0,NA,NA,NA,CHFL,COVID19Death,vaccine,all,limited,2021-11-25_07-51-54,TRUE
202117,40 - 49,fully_vaccinated,0,0,63455,0,NA,CHFL,COVID19Death,vaccine,all,limited,2021-11-25_07-51-54,TRUE
202117,40 - 49,partially_vaccinated,0,0,75949,0,NA,CHFL,COVID19Death,vaccine,all,limited,2021-11-25_07-51-54,TRUE
202117,40 - 49,not_vaccinated,2,6,1067501,0.19,NA,CHFL,COVID19Death,vaccine,all,limited,2021-11-25_07-51-54,TRUE
202117,40 - 49,unknown,0,5,NA,NA,NA,CHFL,COVID19Death,vaccine,all,limited,2021-11-25_07-51-54,TRUE
202117,50 - 59,fully_vaccinated,0,0,106718,0,NA,CHFL,COVID19Death,vaccine,all,limited,2021-11-25_07-51-54,TRUE
202117,50 - 59,partially_vaccinated,0,1,157006,0,NA,CHFL,COVID19Death,vaccine,all,limited,2021-11-25_07-51-54,TRUE
202117,50 - 59,not_vaccinated,5,24,1041819,0.48,NA,CHFL,COVID19Death,vaccine,all,limited,2021-11-25_07-51-54,TRUE
202117,50 - 59,unknown,3,17,NA,NA,NA,CHFL,COVID19Death,vaccine,all,limited,2021-11-25_07-51-54,TRUE
202117,60 - 69,fully_vaccinated,0,0,139782,0,NA,CHFL,COVID19Death,vaccine,all,limited,2021-11-25_07-51-54,TRUE
202117,60 - 69,partially_vaccinated,1,2,284289,0.35,NA,CHFL,COVID19Death,vaccine,all,limited,2021-11-25_07-51-54,TRUE
202117,60 - 69,not_vaccinated,3,66,548206,0.55,NA,CHFL,COVID19Death,vaccine,all,limited,2021-11-25_07-51-54,TRUE
202117,60 - 69,unknown,3,65,NA,NA,NA,CHFL,COVID19Death,vaccine,all,limited,2021-11-25_07-51-54,TRUE
202117,70 - 79,fully_vaccinated,1,4,305096,0.33,NA,CHFL,COVID19Death,vaccine,all,limited,2021-11-25_07-51-54,TRUE
202117,70 - 79,partially_vaccinated,0,11,236984,0,NA,CHFL,COVID19Death,vaccine,all,limited,2021-11-25_07-51-54,TRUE
202117,70 - 79,not_vaccinated,10,121,197833,5.05,NA,CHFL,COVID19Death,vaccine,all,limited,2021-11-25_07-51-54,TRUE
202117,70 - 79,unknown,8,137,NA,NA,NA,CHFL,COVID19Death,vaccine,all,limited,2021-11-25_07-51-54,TRUE
202117,80+,fully_vaccinated,3,21,313534,0.96,NA,CHFL,COVID19Death,vaccine,all,limited,2021-11-25_07-51-54,TRUE
202117,80+,partially_vaccinated,2,57,55880,3.58,NA,CHFL,COVID19Death,vaccine,all,limited,2021-11-25_07-51-54,TRUE
202117,80+,not_vaccinated,18,277,90484,19.89,NA,CHFL,COVID19Death,vaccine,all,limited,2021-11-25_07-51-54,TRUE
202117,80+,unknown,10,362,NA,NA,NA,CHFL,COVID19Death,vaccine,all,limited,2021-11-25_07-51-54,TRUE
202117,Unbekannt,fully_vaccinated,0,0,NA,NA,NA,CHFL,COVID19Death,vaccine,all,limited,2021-11-25_07-51-54,TRUE
202117,Unbekannt,partially_vaccinated,0,0,NA,NA,NA,CHFL,COVID19Death,vaccine,all,limited,2021-11-25_07-51-54,TRUE
202117,Unbekannt,not_vaccinated,0,0,NA,NA,NA,CHFL,COVID19Death,vaccine,all,limited,2021-11-25_07-51-54,TRUE
202117,Unbekannt,unknown,0,0,NA,NA,NA,CHFL,COVID19Death,vaccine,all,limited,2021-11-25_07-51-54,TRUE
202118,0 - 9,fully_vaccinated,0,0,43,0,NA,CHFL,COVID19Death,vaccine,all,limited,2021-11-25_07-51-54,TRUE
202118,0 - 9,partially_vaccinated,0,0,47,0,NA,CHFL,COVID19Death,vaccine,all,limited,2021-11-25_07-51-54,TRUE
202118,0 - 9,not_vaccinated,0,0,880497,0,NA,CHFL,COVID19Death,vaccine,all,limited,2021-11-25_07-51-54,TRUE
202118,0 - 9,unknown,0,0,NA,NA,NA,CHFL,COVID19Death,vaccine,all,limited,2021-11-25_07-51-54,TRUE
202118,10 - 19,fully_vaccinated,0,0,4086,0,NA,CHFL,COVID19Death,vaccine,all,limited,2021-11-25_07-51-54,TRUE
202118,10 - 19,partially_vaccinated,0,0,7562,0,NA,CHFL,COVID19Death,vaccine,all,limited,2021-11-25_07-51-54,TRUE
202118,10 - 19,not_vaccinated,0,0,841727,0,NA,CHFL,COVID19Death,vaccine,all,limited,2021-11-25_07-51-54,TRUE
202118,10 - 19,unknown,0,1,NA,NA,NA,CHFL,COVID19Death,vaccine,all,limited,2021-11-25_07-51-54,TRUE
202118,20 - 29,fully_vaccinated,0,0,33512,0,NA,CHFL,COVID19Death,vaccine,all,limited,2021-11-25_07-51-54,TRUE
202118,20 - 29,partially_vaccinated,0,0,52771,0,NA,CHFL,COVID19Death,vaccine,all,limited,2021-11-25_07-51-54,TRUE
202118,20 - 29,not_vaccinated,0,0,956334,0,NA,CHFL,COVID19Death,vaccine,all,limited,2021-11-25_07-51-54,TRUE
202118,20 - 29,unknown,0,0,NA,NA,NA,CHFL,COVID19Death,vaccine,all,limited,2021-11-25_07-51-54,TRUE
202118,30 - 39,fully_vaccinated,0,0,51924,0,NA,CHFL,COVID19Death,vaccine,all,limited,2021-11-25_07-51-54,TRUE
202118,30 - 39,partially_vaccinated,0,0,73160,0,NA,CHFL,COVID19Death,vaccine,all,limited,2021-11-25_07-51-54,TRUE
202118,30 - 39,not_vaccinated,0,0,1123156,0,NA,CHFL,COVID19Death,vaccine,all,limited,2021-11-25_07-51-54,TRUE
202118,30 - 39,unknown,0,0,NA,NA,NA,CHFL,COVID19Death,vaccine,all,limited,2021-11-25_07-51-54,TRUE
202118,40 - 49,fully_vaccinated,0,0,71682,0,NA,CHFL,COVID19Death,vaccine,all,limited,2021-11-25_07-51-54,TRUE
202118,40 - 49,partially_vaccinated,0,0,114619,0,NA,CHFL,COVID19Death,vaccine,all,limited,2021-11-25_07-51-54,TRUE
202118,40 - 49,not_vaccinated,0,6,1020604,0,NA,CHFL,COVID19Death,vaccine,all,limited,2021-11-25_07-51-54,TRUE
202118,40 - 49,unknown,0,5,NA,NA,NA,CHFL,COVID19Death,vaccine,all,limited,2021-11-25_07-51-54,TRUE
202118,50 - 59,fully_vaccinated,0,0,122577,0,NA,CHFL,COVID19Death,vaccine,all,limited,2021-11-25_07-51-54,TRUE
202118,50 - 59,partially_vaccinated,0,1,245003,0,NA,CHFL,COVID19Death,vaccine,all,limited,2021-11-25_07-51-54,TRUE
202118,50 - 59,not_vaccinated,0,24,937963,0,NA,CHFL,COVID19Death,vaccine,all,limited,2021-11-25_07-51-54,TRUE
202118,50 - 59,unknown,0,17,NA,NA,NA,CHFL,COVID19Death,vaccine,all,limited,2021-11-25_07-51-54,TRUE
202118,60 - 69,fully_vaccinated,1,1,176791,0.57,NA,CHFL,COVID19Death,vaccine,all,limited,2021-11-25_07-51-54,TRUE
202118,60 - 69,partially_vaccinated,0,2,326123,0,NA,CHFL,COVID19Death,vaccine,all,limited,2021-11-25_07-51-54,TRUE
202118,60 - 69,not_vaccinated,6,72,469363,1.28,NA,CHFL,COVID19Death,vaccine,all,limited,2021-11-25_07-51-54,TRUE
202118,60 - 69,unknown,4,69,NA,NA,NA,CHFL,COVID19Death,vaccine,all,limited,2021-11-25_07-51-54,TRUE
202118,70 - 79,fully_vaccinated,0,4,353352,0,NA,CHFL,COVID19Death,vaccine,all,limited,2021-11-25_07-51-54,TRUE
202118,70 - 79,partially_vaccinated,0,11,212859,0,NA,CHFL,COVID19Death,vaccine,all,limited,2021-11-25_07-51-54,TRUE
202118,70 - 79,not_vaccinated,3,124,173702,1.73,NA,CHFL,COVID19Death,vaccine,all,limited,2021-11-25_07-51-54,TRUE
202118,70 - 79,unknown,4,141,NA,NA,NA,CHFL,COVID19Death,vaccine,all,limited,2021-11-25_07-51-54,TRUE
202118,80+,fully_vaccinated,2,23,330400,0.61,NA,CHFL,COVID19Death,vaccine,all,limited,2021-11-25_07-51-54,TRUE
202118,80+,partially_vaccinated,0,57,47483,0,NA,CHFL,COVID19Death,vaccine,all,limited,2021-11-25_07-51-54,TRUE
202118,80+,not_vaccinated,12,289,82015,14.63,NA,CHFL,COVID19Death,vaccine,all,limited,2021-11-25_07-51-54,TRUE
202118,80+,unknown,9,371,NA,NA,NA,CHFL,COVID19Death,vaccine,all,limited,2021-11-25_07-51-54,TRUE
202118,Unbekannt,fully_vaccinated,0,0,NA,NA,NA,CHFL,COVID19Death,vaccine,all,limited,2021-11-25_07-51-54,TRUE
202118,Unbekannt,partially_vaccinated,0,0,NA,NA,NA,CHFL,COVID19Death,vaccine,all,limited,2021-11-25_07-51-54,TRUE
202118,Unbekannt,not_vaccinated,0,0,NA,NA,NA,CHFL,COVID19Death,vaccine,all,limited,2021-11-25_07-51-54,TRUE
202118,Unbekannt,unknown,0,0,NA,NA,NA,CHFL,COVID19Death,vaccine,all,limited,2021-11-25_07-51-54,TRUE
202119,0 - 9,fully_vaccinated,0,0,52,0,NA,CHFL,COVID19Death,vaccine,all,limited,2021-11-25_07-51-54,TRUE
202119,0 - 9,partially_vaccinated,0,0,48,0,NA,CHFL,COVID19Death,vaccine,all,limited,2021-11-25_07-51-54,TRUE
202119,0 - 9,not_vaccinated,0,0,880487,0,NA,CHFL,COVID19Death,vaccine,all,limited,2021-11-25_07-51-54,TRUE
202119,0 - 9,unknown,0,0,NA,NA,NA,CHFL,COVID19Death,vaccine,all,limited,2021-11-25_07-51-54,TRUE
202119,10 - 19,fully_vaccinated,0,0,4720,0,NA,CHFL,COVID19Death,vaccine,all,limited,2021-11-25_07-51-54,TRUE
202119,10 - 19,partially_vaccinated,0,0,11188,0,NA,CHFL,COVID19Death,vaccine,all,limited,2021-11-25_07-51-54,TRUE
202119,10 - 19,not_vaccinated,0,0,837467,0,NA,CHFL,COVID19Death,vaccine,all,limited,2021-11-25_07-51-54,TRUE
202119,10 - 19,unknown,0,1,NA,NA,NA,CHFL,COVID19Death,vaccine,all,limited,2021-11-25_07-51-54,TRUE
202119,20 - 29,fully_vaccinated,0,0,38867,0,NA,CHFL,COVID19Death,vaccine,all,limited,2021-11-25_07-51-54,TRUE
202119,20 - 29,partially_vaccinated,0,0,71327,0,NA,CHFL,COVID19Death,vaccine,all,limited,2021-11-25_07-51-54,TRUE
202119,20 - 29,not_vaccinated,0,0,932423,0,NA,CHFL,COVID19Death,vaccine,all,limited,2021-11-25_07-51-54,TRUE
202119,20 - 29,unknown,0,0,NA,NA,NA,CHFL,COVID19Death,vaccine,all,limited,2021-11-25_07-51-54,TRUE
202119,30 - 39,fully_vaccinated,0,0,59848,0,NA,CHFL,COVID19Death,vaccine,all,limited,2021-11-25_07-51-54,TRUE
202119,30 - 39,partially_vaccinated,0,0,97809,0,NA,CHFL,COVID19Death,vaccine,all,limited,2021-11-25_07-51-54,TRUE
202119,30 - 39,not_vaccinated,0,0,1090583,0,NA,CHFL,COVID19Death,vaccine,all,limited,2021-11-25_07-51-54,TRUE
202119,30 - 39,unknown,0,0,NA,NA,NA,CHFL,COVID19Death,vaccine,all,limited,2021-11-25_07-51-54,TRUE
202119,40 - 49,fully_vaccinated,0,0,84002,0,NA,CHFL,COVID19Death,vaccine,all,limited,2021-11-25_07-51-54,TRUE
202119,40 - 49,partially_vaccinated,0,0,147811,0,NA,CHFL,COVID19Death,vaccine,all,limited,2021-11-25_07-51-54,TRUE
202119,40 - 49,not_vaccinated,0,6,975092,0,NA,CHFL,COVID19Death,vaccine,all,limited,2021-11-25_07-51-54,TRUE
202119,40 - 49,unknown,1,6,NA,NA,NA,CHFL,COVID19Death,vaccine,all,limited,2021-11-25_07-51-54,TRUE
202119,50 - 59,fully_vaccinated,0,0,145742,0,NA,CHFL,COVID19Death,vaccine,all,limited,2021-11-25_07-51-54,TRUE
202119,50 - 59,partially_vaccinated,0,1,327827,0,NA,CHFL,COVID19Death,vaccine,all,limited,2021-11-25_07-51-54,TRUE
202119,50 - 59,not_vaccinated,4,28,831974,0.48,NA,CHFL,COVID19Death,vaccine,all,limited,2021-11-25_07-51-54,TRUE
202119,50 - 59,unknown,3,20,NA,NA,NA,CHFL,COVID19Death,vaccine,all,limited,2021-11-25_07-51-54,TRUE
202119,60 - 69,fully_vaccinated,0,1,239701,0,NA,CHFL,COVID19Death,vaccine,all,limited,2021-11-25_07-51-54,TRUE
202119,60 - 69,partially_vaccinated,0,2,321562,0,NA,CHFL,COVID19Death,vaccine,all,limited,2021-11-25_07-51-54,TRUE
202119,60 - 69,not_vaccinated,4,76,411014,0.97,NA,CHFL,COVID19Death,vaccine,all,limited,2021-11-25_07-51-54,TRUE
202119,60 - 69,unknown,1,70,NA,NA,NA,CHFL,COVID19Death,vaccine,all,limited,2021-11-25_07-51-54,TRUE
202119,70 - 79,fully_vaccinated,0,4,418295,0,NA,CHFL,COVID19Death,vaccine,all,limited,2021-11-25_07-51-54,TRUE
202119,70 - 79,partially_vaccinated,1,12,160476,0.62,NA,CHFL,COVID19Death,vaccine,all,limited,2021-11-25_07-51-54,TRUE
202119,70 - 79,not_vaccinated,4,128,161142,2.48,NA,CHFL,COVID19Death,vaccine,all,limited,2021-11-25_07-51-54,TRUE
202119,70 - 79,unknown,2,143,NA,NA,NA,CHFL,COVID19Death,vaccine,all,limited,2021-11-25_07-51-54,TRUE
202119,80+,fully_vaccinated,2,25,344633,0.58,NA,CHFL,COVID19Death,vaccine,all,limited,2021-11-25_07-51-54,TRUE
202119,80+,partially_vaccinated,0,57,37774,0,NA,CHFL,COVID19Death,vaccine,all,limited,2021-11-25_07-51-54,TRUE
202119,80+,not_vaccinated,6,295,77491,7.74,NA,CHFL,COVID19Death,vaccine,all,limited,2021-11-25_07-51-54,TRUE
202119,80+,unknown,2,373,NA,NA,NA,CHFL,COVID19Death,vaccine,all,limited,2021-11-25_07-51-54,TRUE
202119,Unbekannt,fully_vaccinated,0,0,NA,NA,NA,CHFL,COVID19Death,vaccine,all,limited,2021-11-25_07-51-54,TRUE
202119,Unbekannt,partially_vaccinated,0,0,NA,NA,NA,CHFL,COVID19Death,vaccine,all,limited,2021-11-25_07-51-54,TRUE
202119,Unbekannt,not_vaccinated,0,0,NA,NA,NA,CHFL,COVID19Death,vaccine,all,limited,2021-11-25_07-51-54,TRUE
202119,Unbekannt,unknown,0,0,NA,NA,NA,CHFL,COVID19Death,vaccine,all,limited,2021-11-25_07-51-54,TRUE
202120,0 - 9,fully_vaccinated,0,0,54,0,NA,CHFL,COVID19Death,vaccine,all,limited,2021-11-25_07-51-54,TRUE
202120,0 - 9,partially_vaccinated,0,0,52,0,NA,CHFL,COVID19Death,vaccine,all,limited,2021-11-25_07-51-54,TRUE
202120,0 - 9,not_vaccinated,0,0,880481,0,NA,CHFL,COVID19Death,vaccine,all,limited,2021-11-25_07-51-54,TRUE
202120,0 - 9,unknown,0,0,NA,NA,NA,CHFL,COVID19Death,vaccine,all,limited,2021-11-25_07-51-54,TRUE
202120,10 - 19,fully_vaccinated,0,0,5821,0,NA,CHFL,COVID19Death,vaccine,all,limited,2021-11-25_07-51-54,TRUE
202120,10 - 19,partially_vaccinated,0,0,16276,0,NA,CHFL,COVID19Death,vaccine,all,limited,2021-11-25_07-51-54,TRUE
202120,10 - 19,not_vaccinated,0,0,831278,0,NA,CHFL,COVID19Death,vaccine,all,limited,2021-11-25_07-51-54,TRUE
202120,10 - 19,unknown,0,1,NA,NA,NA,CHFL,COVID19Death,vaccine,all,limited,2021-11-25_07-51-54,TRUE
202120,20 - 29,fully_vaccinated,0,0,47884,0,NA,CHFL,COVID19Death,vaccine,all,limited,2021-11-25_07-51-54,TRUE
202120,20 - 29,partially_vaccinated,0,0,96753,0,NA,CHFL,COVID19Death,vaccine,all,limited,2021-11-25_07-51-54,TRUE
202120,20 - 29,not_vaccinated,0,0,897980,0,NA,CHFL,COVID19Death,vaccine,all,limited,2021-11-25_07-51-54,TRUE
202120,20 - 29,unknown,0,0,NA,NA,NA,CHFL,COVID19Death,vaccine,all,limited,2021-11-25_07-51-54,TRUE
202120,30 - 39,fully_vaccinated,0,0,72726,0,NA,CHFL,COVID19Death,vaccine,all,limited,2021-11-25_07-51-54,TRUE
202120,30 - 39,partially_vaccinated,0,0,135987,0,NA,CHFL,COVID19Death,vaccine,all,limited,2021-11-25_07-51-54,TRUE
202120,30 - 39,not_vaccinated,0,0,1039527,0,NA,CHFL,COVID19Death,vaccine,all,limited,2021-11-25_07-51-54,TRUE
202120,30 - 39,unknown,0,0,NA,NA,NA,CHFL,COVID19Death,vaccine,all,limited,2021-11-25_07-51-54,TRUE
202120,40 - 49,fully_vaccinated,0,0,106700,0,NA,CHFL,COVID19Death,vaccine,all,limited,2021-11-25_07-51-54,TRUE
202120,40 - 49,partially_vaccinated,0,0,187644,0,NA,CHFL,COVID19Death,vaccine,all,limited,2021-11-25_07-51-54,TRUE
202120,40 - 49,not_vaccinated,0,6,912561,0,NA,CHFL,COVID19Death,vaccine,all,limited,2021-11-25_07-51-54,TRUE
202120,40 - 49,unknown,0,6,NA,NA,NA,CHFL,COVID19Death,vaccine,all,limited,2021-11-25_07-51-54,TRUE
202120,50 - 59,fully_vaccinated,0,0,191375,0,NA,CHFL,COVID19Death,vaccine,all,limited,2021-11-25_07-51-54,TRUE
202120,50 - 59,partially_vaccinated,0,1,383279,0,NA,CHFL,COVID19Death,vaccine,all,limited,2021-11-25_07-51-54,TRUE
202120,50 - 59,not_vaccinated,2,30,730889,0.27,NA,CHFL,COVID19Death,vaccine,all,limited,2021-11-25_07-51-54,TRUE
202120,50 - 59,unknown,0,20,NA,NA,NA,CHFL,COVID19Death,vaccine,all,limited,2021-11-25_07-51-54,TRUE
202120,60 - 69,fully_vaccinated,0,1,328348,0,NA,CHFL,COVID19Death,vaccine,all,limited,2021-11-25_07-51-54,TRUE
202120,60 - 69,partially_vaccinated,0,2,279684,0,NA,CHFL,COVID19Death,vaccine,all,limited,2021-11-25_07-51-54,TRUE
202120,60 - 69,not_vaccinated,1,77,364245,0.27,NA,CHFL,COVID19Death,vaccine,all,limited,2021-11-25_07-51-54,TRUE
202120,60 - 69,unknown,0,70,NA,NA,NA,CHFL,COVID19Death,vaccine,all,limited,2021-11-25_07-51-54,TRUE
202120,70 - 79,fully_vaccinated,0,4,489874,0,NA,CHFL,COVID19Death,vaccine,all,limited,2021-11-25_07-51-54,TRUE
202120,70 - 79,partially_vaccinated,0,12,100869,0,NA,CHFL,COVID19Death,vaccine,all,limited,2021-11-25_07-51-54,TRUE
202120,70 - 79,not_vaccinated,6,134,149170,4.02,NA,CHFL,COVID19Death,vaccine,all,limited,2021-11-25_07-51-54,TRUE
202120,70 - 79,unknown,3,146,NA,NA,NA,CHFL,COVID19Death,vaccine,all,limited,2021-11-25_07-51-54,TRUE
202120,80+,fully_vaccinated,2,27,358696,0.56,NA,CHFL,COVID19Death,vaccine,all,limited,2021-11-25_07-51-54,TRUE
202120,80+,partially_vaccinated,0,57,28771,0,NA,CHFL,COVID19Death,vaccine,all,limited,2021-11-25_07-51-54,TRUE
202120,80+,not_vaccinated,14,309,72431,19.33,NA,CHFL,COVID19Death,vaccine,all,limited,2021-11-25_07-51-54,TRUE
202120,80+,unknown,5,378,NA,NA,NA,CHFL,COVID19Death,vaccine,all,limited,2021-11-25_07-51-54,TRUE
202120,Unbekannt,fully_vaccinated,0,0,NA,NA,NA,CHFL,COVID19Death,vaccine,all,limited,2021-11-25_07-51-54,TRUE
202120,Unbekannt,partially_vaccinated,0,0,NA,NA,NA,CHFL,COVID19Death,vaccine,all,limited,2021-11-25_07-51-54,TRUE
202120,Unbekannt,not_vaccinated,0,0,NA,NA,NA,CHFL,COVID19Death,vaccine,all,limited,2021-11-25_07-51-54,TRUE
202120,Unbekannt,unknown,0,0,NA,NA,NA,CHFL,COVID19Death,vaccine,all,limited,2021-11-25_07-51-54,TRUE
202121,0 - 9,fully_vaccinated,0,0,55,0,NA,CHFL,COVID19Death,vaccine,all,limited,2021-11-25_07-51-54,TRUE
202121,0 - 9,partially_vaccinated,0,0,59,0,NA,CHFL,COVID19Death,vaccine,all,limited,2021-11-25_07-51-54,TRUE
202121,0 - 9,not_vaccinated,0,0,880473,0,NA,CHFL,COVID19Death,vaccine,all,limited,2021-11-25_07-51-54,TRUE
202121,0 - 9,unknown,0,0,NA,NA,NA,CHFL,COVID19Death,vaccine,all,limited,2021-11-25_07-51-54,TRUE
202121,10 - 19,fully_vaccinated,0,0,8015,0,NA,CHFL,COVID19Death,vaccine,all,limited,2021-11-25_07-51-54,TRUE
202121,10 - 19,partially_vaccinated,0,0,22480,0,NA,CHFL,COVID19Death,vaccine,all,limited,2021-11-25_07-51-54,TRUE
202121,10 - 19,not_vaccinated,0,0,822880,0,NA,CHFL,COVID19Death,vaccine,all,limited,2021-11-25_07-51-54,TRUE
202121,10 - 19,unknown,0,1,NA,NA,NA,CHFL,COVID19Death,vaccine,all,limited,2021-11-25_07-51-54,TRUE
202121,20 - 29,fully_vaccinated,0,0,62343,0,NA,CHFL,COVID19Death,vaccine,all,limited,2021-11-25_07-51-54,TRUE
202121,20 - 29,partially_vaccinated,0,0,126432,0,NA,CHFL,COVID19Death,vaccine,all,limited,2021-11-25_07-51-54,TRUE
202121,20 - 29,not_vaccinated,0,0,853842,0,NA,CHFL,COVID19Death,vaccine,all,limited,2021-11-25_07-51-54,TRUE
202121,20 - 29,unknown,0,0,NA,NA,NA,CHFL,COVID19Death,vaccine,all,limited,2021-11-25_07-51-54,TRUE
202121,30 - 39,fully_vaccinated,0,0,92982,0,NA,CHFL,COVID19Death,vaccine,all,limited,2021-11-25_07-51-54,TRUE
202121,30 - 39,partially_vaccinated,0,0,182027,0,NA,CHFL,COVID19Death,vaccine,all,limited,2021-11-25_07-51-54,TRUE
202121,30 - 39,not_vaccinated,1,1,973231,0.1,NA,CHFL,COVID19Death,vaccine,all,limited,2021-11-25_07-51-54,TRUE
202121,30 - 39,unknown,0,0,NA,NA,NA,CHFL,COVID19Death,vaccine,all,limited,2021-11-25_07-51-54,TRUE
202121,40 - 49,fully_vaccinated,0,0,139891,0,NA,CHFL,COVID19Death,vaccine,all,limited,2021-11-25_07-51-54,TRUE
202121,40 - 49,partially_vaccinated,0,0,230836,0,NA,CHFL,COVID19Death,vaccine,all,limited,2021-11-25_07-51-54,TRUE
202121,40 - 49,not_vaccinated,0,6,836178,0,NA,CHFL,COVID19Death,vaccine,all,limited,2021-11-25_07-51-54,TRUE
202121,40 - 49,unknown,1,7,NA,NA,NA,CHFL,COVID19Death,vaccine,all,limited,2021-11-25_07-51-54,TRUE
202121,50 - 59,fully_vaccinated,1,1,257625,0.39,NA,CHFL,COVID19Death,vaccine,all,limited,2021-11-25_07-51-54,TRUE
202121,50 - 59,partially_vaccinated,0,1,378332,0,NA,CHFL,COVID19Death,vaccine,all,limited,2021-11-25_07-51-54,TRUE
202121,50 - 59,not_vaccinated,0,30,669586,0,NA,CHFL,COVID19Death,vaccine,all,limited,2021-11-25_07-51-54,TRUE
202121,50 - 59,unknown,0,20,NA,NA,NA,CHFL,COVID19Death,vaccine,all,limited,2021-11-25_07-51-54,TRUE
202121,60 - 69,fully_vaccinated,0,1,410273,0,NA,CHFL,COVID19Death,vaccine,all,limited,2021-11-25_07-51-54,TRUE
202121,60 - 69,partially_vaccinated,0,2,225351,0,NA,CHFL,COVID19Death,vaccine,all,limited,2021-11-25_07-51-54,TRUE
202121,60 - 69,not_vaccinated,2,79,336653,0.59,NA,CHFL,COVID19Death,vaccine,all,limited,2021-11-25_07-51-54,TRUE
202121,60 - 69,unknown,2,72,NA,NA,NA,CHFL,COVID19Death,vaccine,all,limited,2021-11-25_07-51-54,TRUE
202121,70 - 79,fully_vaccinated,1,5,536412,0.19,NA,CHFL,COVID19Death,vaccine,all,limited,2021-11-25_07-51-54,TRUE
202121,70 - 79,partially_vaccinated,0,12,61437,0,NA,CHFL,COVID19Death,vaccine,all,limited,2021-11-25_07-51-54,TRUE
202121,70 - 79,not_vaccinated,3,137,142064,2.11,NA,CHFL,COVID19Death,vaccine,all,limited,2021-11-25_07-51-54,TRUE
202121,70 - 79,unknown,2,148,NA,NA,NA,CHFL,COVID19Death,vaccine,all,limited,2021-11-25_07-51-54,TRUE
202121,80+,fully_vaccinated,0,27,369290,0,NA,CHFL,COVID19Death,vaccine,all,limited,2021-11-25_07-51-54,TRUE
202121,80+,partially_vaccinated,0,57,21464,0,NA,CHFL,COVID19Death,vaccine,all,limited,2021-11-25_07-51-54,TRUE
202121,80+,not_vaccinated,4,313,69144,5.79,NA,CHFL,COVID19Death,vaccine,all,limited,2021-11-25_07-51-54,TRUE
202121,80+,unknown,2,380,NA,NA,NA,CHFL,COVID19Death,vaccine,all,limited,2021-11-25_07-51-54,TRUE
202121,Unbekannt,fully_vaccinated,0,0,NA,NA,NA,CHFL,COVID19Death,vaccine,all,limited,2021-11-25_07-51-54,TRUE
202121,Unbekannt,partially_vaccinated,0,0,NA,NA,NA,CHFL,COVID19Death,vaccine,all,limited,2021-11-25_07-51-54,TRUE
202121,Unbekannt,not_vaccinated,0,0,NA,NA,NA,CHFL,COVID19Death,vaccine,all,limited,2021-11-25_07-51-54,TRUE
202121,Unbekannt,unknown,0,0,NA,NA,NA,CHFL,COVID19Death,vaccine,all,limited,2021-11-25_07-51-54,TRUE
202122,0 - 9,fully_vaccinated,0,0,66,0,NA,CHFL,COVID19Death,vaccine,all,limited,2021-11-25_07-51-54,TRUE
202122,0 - 9,partially_vaccinated,0,0,61,0,NA,CHFL,COVID19Death,vaccine,all,limited,2021-11-25_07-51-54,TRUE
202122,0 - 9,not_vaccinated,0,0,880460,0,NA,CHFL,COVID19Death,vaccine,all,limited,2021-11-25_07-51-54,TRUE
202122,0 - 9,unknown,0,0,NA,NA,NA,CHFL,COVID19Death,vaccine,all,limited,2021-11-25_07-51-54,TRUE
202122,10 - 19,fully_vaccinated,0,0,11758,0,NA,CHFL,COVID19Death,vaccine,all,limited,2021-11-25_07-51-54,TRUE
202122,10 - 19,partially_vaccinated,0,0,31893,0,NA,CHFL,COVID19Death,vaccine,all,limited,2021-11-25_07-51-54,TRUE
202122,10 - 19,not_vaccinated,0,0,809724,0,NA,CHFL,COVID19Death,vaccine,all,limited,2021-11-25_07-51-54,TRUE
202122,10 - 19,unknown,0,1,NA,NA,NA,CHFL,COVID19Death,vaccine,all,limited,2021-11-25_07-51-54,TRUE
202122,20 - 29,fully_vaccinated,0,0,86775,0,NA,CHFL,COVID19Death,vaccine,all,limited,2021-11-25_07-51-54,TRUE
202122,20 - 29,partially_vaccinated,0,0,161861,0,NA,CHFL,COVID19Death,vaccine,all,limited,2021-11-25_07-51-54,TRUE
202122,20 - 29,not_vaccinated,0,0,793981,0,NA,CHFL,COVID19Death,vaccine,all,limited,2021-11-25_07-51-54,TRUE
202122,20 - 29,unknown,0,0,NA,NA,NA,CHFL,COVID19Death,vaccine,all,limited,2021-11-25_07-51-54,TRUE
202122,30 - 39,fully_vaccinated,0,0,124854,0,NA,CHFL,COVID19Death,vaccine,all,limited,2021-11-25_07-51-54,TRUE
202122,30 - 39,partially_vaccinated,0,0,234870,0,NA,CHFL,COVID19Death,vaccine,all,limited,2021-11-25_07-51-54,TRUE
202122,30 - 39,not_vaccinated,0,1,888516,0,NA,CHFL,COVID19Death,vaccine,all,limited,2021-11-25_07-51-54,TRUE
202122,30 - 39,unknown,0,0,NA,NA,NA,CHFL,COVID19Death,vaccine,all,limited,2021-11-25_07-51-54,TRUE
202122,40 - 49,fully_vaccinated,0,0,185559,0,NA,CHFL,COVID19Death,vaccine,all,limited,2021-11-25_07-51-54,TRUE
202122,40 - 49,partially_vaccinated,0,0,278473,0,NA,CHFL,COVID19Death,vaccine,all,limited,2021-11-25_07-51-54,TRUE
202122,40 - 49,not_vaccinated,0,6,742873,0,NA,CHFL,COVID19Death,vaccine,all,limited,2021-11-25_07-51-54,TRUE
202122,40 - 49,unknown,0,7,NA,NA,NA,CHFL,COVID19Death,vaccine,all,limited,2021-11-25_07-51-54,TRUE
202122,50 - 59,fully_vaccinated,0,1,353600,0,NA,CHFL,COVID19Death,vaccine,all,limited,2021-11-25_07-51-54,TRUE
202122,50 - 59,partially_vaccinated,0,1,337698,0,NA,CHFL,COVID19Death,vaccine,all,limited,2021-11-25_07-51-54,TRUE
202122,50 - 59,not_vaccinated,2,32,614245,0.33,NA,CHFL,COVID19Death,vaccine,all,limited,2021-11-25_07-51-54,TRUE
202122,50 - 59,unknown,0,20,NA,NA,NA,CHFL,COVID19Death,vaccine,all,limited,2021-11-25_07-51-54,TRUE
202122,60 - 69,fully_vaccinated,0,1,488276,0,NA,CHFL,COVID19Death,vaccine,all,limited,2021-11-25_07-51-54,TRUE
202122,60 - 69,partially_vaccinated,0,2,171291,0,NA,CHFL,COVID19Death,vaccine,all,limited,2021-11-25_07-51-54,TRUE
202122,60 - 69,not_vaccinated,4,83,312710,1.28,NA,CHFL,COVID19Death,vaccine,all,limited,2021-11-25_07-51-54,TRUE
202122,60 - 69,unknown,0,72,NA,NA,NA,CHFL,COVID19Death,vaccine,all,limited,2021-11-25_07-51-54,TRUE
202122,70 - 79,fully_vaccinated,1,6,561633,0.18,NA,CHFL,COVID19Death,vaccine,all,limited,2021-11-25_07-51-54,TRUE
202122,70 - 79,partially_vaccinated,0,12,42513,0,NA,CHFL,COVID19Death,vaccine,all,limited,2021-11-25_07-51-54,TRUE
202122,70 - 79,not_vaccinated,4,141,135767,2.95,NA,CHFL,COVID19Death,vaccine,all,limited,2021-11-25_07-51-54,TRUE
202122,70 - 79,unknown,3,151,NA,NA,NA,CHFL,COVID19Death,vaccine,all,limited,2021-11-25_07-51-54,TRUE
202122,80+,fully_vaccinated,3,30,377642,0.79,NA,CHFL,COVID19Death,vaccine,all,limited,2021-11-25_07-51-54,TRUE
202122,80+,partially_vaccinated,0,57,16172,0,NA,CHFL,COVID19Death,vaccine,all,limited,2021-11-25_07-51-54,TRUE
202122,80+,not_vaccinated,6,319,66084,9.08,NA,CHFL,COVID19Death,vaccine,all,limited,2021-11-25_07-51-54,TRUE
202122,80+,unknown,1,381,NA,NA,NA,CHFL,COVID19Death,vaccine,all,limited,2021-11-25_07-51-54,TRUE
202122,Unbekannt,fully_vaccinated,0,0,NA,NA,NA,CHFL,COVID19Death,vaccine,all,limited,2021-11-25_07-51-54,TRUE
202122,Unbekannt,partially_vaccinated,0,0,NA,NA,NA,CHFL,COVID19Death,vaccine,all,limited,2021-11-25_07-51-54,TRUE
202122,Unbekannt,not_vaccinated,0,0,NA,NA,NA,CHFL,COVID19Death,vaccine,all,limited,2021-11-25_07-51-54,TRUE
202122,Unbekannt,unknown,0,0,NA,NA,NA,CHFL,COVID19Death,vaccine,all,limited,2021-11-25_07-51-54,TRUE
202123,0 - 9,fully_vaccinated,0,0,71,0,NA,CHFL,COVID19Death,vaccine,all,limited,2021-11-25_07-51-54,TRUE
202123,0 - 9,partially_vaccinated,0,0,62,0,NA,CHFL,COVID19Death,vaccine,all,limited,2021-11-25_07-51-54,TRUE
202123,0 - 9,not_vaccinated,0,0,880454,0,NA,CHFL,COVID19Death,vaccine,all,limited,2021-11-25_07-51-54,TRUE
202123,0 - 9,unknown,0,0,NA,NA,NA,CHFL,COVID19Death,vaccine,all,limited,2021-11-25_07-51-54,TRUE
202123,10 - 19,fully_vaccinated,0,0,16430,0,NA,CHFL,COVID19Death,vaccine,all,limited,2021-11-25_07-51-54,TRUE
202123,10 - 19,partially_vaccinated,0,0,45286,0,NA,CHFL,COVID19Death,vaccine,all,limited,2021-11-25_07-51-54,TRUE
202123,10 - 19,not_vaccinated,0,0,791659,0,NA,CHFL,COVID19Death,vaccine,all,limited,2021-11-25_07-51-54,TRUE
202123,10 - 19,unknown,0,1,NA,NA,NA,CHFL,COVID19Death,vaccine,all,limited,2021-11-25_07-51-54,TRUE
202123,20 - 29,fully_vaccinated,0,0,113526,0,NA,CHFL,COVID19Death,vaccine,all,limited,2021-11-25_07-51-54,TRUE
202123,20 - 29,partially_vaccinated,0,0,201347,0,NA,CHFL,COVID19Death,vaccine,all,limited,2021-11-25_07-51-54,TRUE
202123,20 - 29,not_vaccinated,0,0,727744,0,NA,CHFL,COVID19Death,vaccine,all,limited,2021-11-25_07-51-54,TRUE
202123,20 - 29,unknown,0,0,NA,NA,NA,CHFL,COVID19Death,vaccine,all,limited,2021-11-25_07-51-54,TRUE
202123,30 - 39,fully_vaccinated,0,0,161272,0,NA,CHFL,COVID19Death,vaccine,all,limited,2021-11-25_07-51-54,TRUE
202123,30 - 39,partially_vaccinated,0,0,287168,0,NA,CHFL,COVID19Death,vaccine,all,limited,2021-11-25_07-51-54,TRUE
202123,30 - 39,not_vaccinated,0,1,799800,0,NA,CHFL,COVID19Death,vaccine,all,limited,2021-11-25_07-51-54,TRUE
202123,30 - 39,unknown,0,0,NA,NA,NA,CHFL,COVID19Death,vaccine,all,limited,2021-11-25_07-51-54,TRUE
202123,40 - 49,fully_vaccinated,0,0,234907,0,NA,CHFL,COVID19Death,vaccine,all,limited,2021-11-25_07-51-54,TRUE
202123,40 - 49,partially_vaccinated,0,0,321229,0,NA,CHFL,COVID19Death,vaccine,all,limited,2021-11-25_07-51-54,TRUE
202123,40 - 49,not_vaccinated,0,6,650769,0,NA,CHFL,COVID19Death,vaccine,all,limited,2021-11-25_07-51-54,TRUE
202123,40 - 49,unknown,0,7,NA,NA,NA,CHFL,COVID19Death,vaccine,all,limited,2021-11-25_07-51-54,TRUE
202123,50 - 59,fully_vaccinated,0,1,458893,0,NA,CHFL,COVID19Death,vaccine,all,limited,2021-11-25_07-51-54,TRUE
202123,50 - 59,partially_vaccinated,1,2,291360,0.34,NA,CHFL,COVID19Death,vaccine,all,limited,2021-11-25_07-51-54,TRUE
202123,50 - 59,not_vaccinated,1,33,555290,0.18,NA,CHFL,COVID19Death,vaccine,all,limited,2021-11-25_07-51-54,TRUE
202123,50 - 59,unknown,1,21,NA,NA,NA,CHFL,COVID19Death,vaccine,all,limited,2021-11-25_07-51-54,TRUE
202123,60 - 69,fully_vaccinated,1,2,552666,0.18,NA,CHFL,COVID19Death,vaccine,all,limited,2021-11-25_07-51-54,TRUE
202123,60 - 69,partially_vaccinated,1,3,131316,0.76,NA,CHFL,COVID19Death,vaccine,all,limited,2021-11-25_07-51-54,TRUE
202123,60 - 69,not_vaccinated,1,84,288295,0.35,NA,CHFL,COVID19Death,vaccine,all,limited,2021-11-25_07-51-54,TRUE
202123,60 - 69,unknown,0,72,NA,NA,NA,CHFL,COVID19Death,vaccine,all,limited,2021-11-25_07-51-54,TRUE
202123,70 - 79,fully_vaccinated,0,6,576316,0,NA,CHFL,COVID19Death,vaccine,all,limited,2021-11-25_07-51-54,TRUE
202123,70 - 79,partially_vaccinated,0,12,33566,0,NA,CHFL,COVID19Death,vaccine,all,limited,2021-11-25_07-51-54,TRUE
202123,70 - 79,not_vaccinated,3,144,130031,2.31,NA,CHFL,COVID19Death,vaccine,all,limited,2021-11-25_07-51-54,TRUE
202123,70 - 79,unknown,3,154,NA,NA,NA,CHFL,COVID19Death,vaccine,all,limited,2021-11-25_07-51-54,TRUE
202123,80+,fully_vaccinated,0,30,383090,0,NA,CHFL,COVID19Death,vaccine,all,limited,2021-11-25_07-51-54,TRUE
202123,80+,partially_vaccinated,0,57,13370,0,NA,CHFL,COVID19Death,vaccine,all,limited,2021-11-25_07-51-54,TRUE
202123,80+,not_vaccinated,2,321,63438,3.15,NA,CHFL,COVID19Death,vaccine,all,limited,2021-11-25_07-51-54,TRUE
202123,80+,unknown,2,383,NA,NA,NA,CHFL,COVID19Death,vaccine,all,limited,2021-11-25_07-51-54,TRUE
202123,Unbekannt,fully_vaccinated,0,0,NA,NA,NA,CHFL,COVID19Death,vaccine,all,limited,2021-11-25_07-51-54,TRUE
202123,Unbekannt,partially_vaccinated,0,0,NA,NA,NA,CHFL,COVID19Death,vaccine,all,limited,2021-11-25_07-51-54,TRUE
202123,Unbekannt,not_vaccinated,0,0,NA,NA,NA,CHFL,COVID19Death,vaccine,all,limited,2021-11-25_07-51-54,TRUE
202123,Unbekannt,unknown,0,0,NA,NA,NA,CHFL,COVID19Death,vaccine,all,limited,2021-11-25_07-51-54,TRUE
202124,0 - 9,fully_vaccinated,0,0,75,0,NA,CHFL,COVID19Death,vaccine,all,limited,2021-11-25_07-51-54,TRUE
202124,0 - 9,partially_vaccinated,0,0,65,0,NA,CHFL,COVID19Death,vaccine,all,limited,2021-11-25_07-51-54,TRUE
202124,0 - 9,not_vaccinated,0,0,880447,0,NA,CHFL,COVID19Death,vaccine,all,limited,2021-11-25_07-51-54,TRUE
202124,0 - 9,unknown,0,0,NA,NA,NA,CHFL,COVID19Death,vaccine,all,limited,2021-11-25_07-51-54,TRUE
202124,10 - 19,fully_vaccinated,0,0,22892,0,NA,CHFL,COVID19Death,vaccine,all,limited,2021-11-25_07-51-54,TRUE
202124,10 - 19,partially_vaccinated,0,0,60636,0,NA,CHFL,COVID19Death,vaccine,all,limited,2021-11-25_07-51-54,TRUE
202124,10 - 19,not_vaccinated,0,0,769847,0,NA,CHFL,COVID19Death,vaccine,all,limited,2021-11-25_07-51-54,TRUE
202124,10 - 19,unknown,0,1,NA,NA,NA,CHFL,COVID19Death,vaccine,all,limited,2021-11-25_07-51-54,TRUE
202124,20 - 29,fully_vaccinated,0,0,146433,0,NA,CHFL,COVID19Death,vaccine,all,limited,2021-11-25_07-51-54,TRUE
202124,20 - 29,partially_vaccinated,0,0,230930,0,NA,CHFL,COVID19Death,vaccine,all,limited,2021-11-25_07-51-54,TRUE
202124,20 - 29,not_vaccinated,0,0,665254,0,NA,CHFL,COVID19Death,vaccine,all,limited,2021-11-25_07-51-54,TRUE
202124,20 - 29,unknown,0,0,NA,NA,NA,CHFL,COVID19Death,vaccine,all,limited,2021-11-25_07-51-54,TRUE
202124,30 - 39,fully_vaccinated,0,0,209959,0,NA,CHFL,COVID19Death,vaccine,all,limited,2021-11-25_07-51-54,TRUE
202124,30 - 39,partially_vaccinated,0,0,315695,0,NA,CHFL,COVID19Death,vaccine,all,limited,2021-11-25_07-51-54,TRUE
202124,30 - 39,not_vaccinated,0,1,722586,0,NA,CHFL,COVID19Death,vaccine,all,limited,2021-11-25_07-51-54,TRUE
202124,30 - 39,unknown,0,0,NA,NA,NA,CHFL,COVID19Death,vaccine,all,limited,2021-11-25_07-51-54,TRUE
202124,40 - 49,fully_vaccinated,0,0,293850,0,NA,CHFL,COVID19Death,vaccine,all,limited,2021-11-25_07-51-54,TRUE
202124,40 - 49,partially_vaccinated,0,0,336504,0,NA,CHFL,COVID19Death,vaccine,all,limited,2021-11-25_07-51-54,TRUE
202124,40 - 49,not_vaccinated,0,6,576551,0,NA,CHFL,COVID19Death,vaccine,all,limited,2021-11-25_07-51-54,TRUE
202124,40 - 49,unknown,0,7,NA,NA,NA,CHFL,COVID19Death,vaccine,all,limited,2021-11-25_07-51-54,TRUE
202124,50 - 59,fully_vaccinated,0,1,561887,0,NA,CHFL,COVID19Death,vaccine,all,limited,2021-11-25_07-51-54,TRUE
202124,50 - 59,partially_vaccinated,0,2,235915,0,NA,CHFL,COVID19Death,vaccine,all,limited,2021-11-25_07-51-54,TRUE
202124,50 - 59,not_vaccinated,0,33,507741,0,NA,CHFL,COVID19Death,vaccine,all,limited,2021-11-25_07-51-54,TRUE
202124,50 - 59,unknown,1,22,NA,NA,NA,CHFL,COVID19Death,vaccine,all,limited,2021-11-25_07-51-54,TRUE
202124,60 - 69,fully_vaccinated,0,2,600671,0,NA,CHFL,COVID19Death,vaccine,all,limited,2021-11-25_07-51-54,TRUE
202124,60 - 69,partially_vaccinated,0,3,103386,0,NA,CHFL,COVID19Death,vaccine,all,limited,2021-11-25_07-51-54,TRUE
202124,60 - 69,not_vaccinated,4,88,268220,1.49,NA,CHFL,COVID19Death,vaccine,all,limited,2021-11-25_07-51-54,TRUE
202124,60 - 69,unknown,2,74,NA,NA,NA,CHFL,COVID19Death,vaccine,all,limited,2021-11-25_07-51-54,TRUE
202124,70 - 79,fully_vaccinated,0,6,588349,0,NA,CHFL,COVID19Death,vaccine,all,limited,2021-11-25_07-51-54,TRUE
202124,70 - 79,partially_vaccinated,0,12,26822,0,NA,CHFL,COVID19Death,vaccine,all,limited,2021-11-25_07-51-54,TRUE
202124,70 - 79,not_vaccinated,2,146,124742,1.6,NA,CHFL,COVID19Death,vaccine,all,limited,2021-11-25_07-51-54,TRUE
202124,70 - 79,unknown,0,154,NA,NA,NA,CHFL,COVID19Death,vaccine,all,limited,2021-11-25_07-51-54,TRUE
202124,80+,fully_vaccinated,0,30,387819,0,NA,CHFL,COVID19Death,vaccine,all,limited,2021-11-25_07-51-54,TRUE
202124,80+,partially_vaccinated,0,57,10800,0,NA,CHFL,COVID19Death,vaccine,all,limited,2021-11-25_07-51-54,TRUE
202124,80+,not_vaccinated,1,322,61279,1.63,NA,CHFL,COVID19Death,vaccine,all,limited,2021-11-25_07-51-54,TRUE
202124,80+,unknown,2,385,NA,NA,NA,CHFL,COVID19Death,vaccine,all,limited,2021-11-25_07-51-54,TRUE
202124,Unbekannt,fully_vaccinated,0,0,NA,NA,NA,CHFL,COVID19Death,vaccine,all,limited,2021-11-25_07-51-54,TRUE
202124,Unbekannt,partially_vaccinated,0,0,NA,NA,NA,CHFL,COVID19Death,vaccine,all,limited,2021-11-25_07-51-54,TRUE
202124,Unbekannt,not_vaccinated,0,0,NA,NA,NA,CHFL,COVID19Death,vaccine,all,limited,2021-11-25_07-51-54,TRUE
202124,Unbekannt,unknown,0,0,NA,NA,NA,CHFL,COVID19Death,vaccine,all,limited,2021-11-25_07-51-54,TRUE
202125,0 - 9,fully_vaccinated,0,0,83,0,NA,CHFL,COVID19Death,vaccine,all,limited,2021-11-25_07-51-54,TRUE
202125,0 - 9,partially_vaccinated,0,0,62,0,NA,CHFL,COVID19Death,vaccine,all,limited,2021-11-25_07-51-54,TRUE
202125,0 - 9,not_vaccinated,0,0,880442,0,NA,CHFL,COVID19Death,vaccine,all,limited,2021-11-25_07-51-54,TRUE
202125,0 - 9,unknown,0,0,NA,NA,NA,CHFL,COVID19Death,vaccine,all,limited,2021-11-25_07-51-54,TRUE
202125,10 - 19,fully_vaccinated,0,0,31988,0,NA,CHFL,COVID19Death,vaccine,all,limited,2021-11-25_07-51-54,TRUE
202125,10 - 19,partially_vaccinated,0,0,68306,0,NA,CHFL,COVID19Death,vaccine,all,limited,2021-11-25_07-51-54,TRUE
202125,10 - 19,not_vaccinated,0,0,753081,0,NA,CHFL,COVID19Death,vaccine,all,limited,2021-11-25_07-51-54,TRUE
202125,10 - 19,unknown,0,1,NA,NA,NA,CHFL,COVID19Death,vaccine,all,limited,2021-11-25_07-51-54,TRUE
202125,20 - 29,fully_vaccinated,0,0,191610,0,NA,CHFL,COVID19Death,vaccine,all,limited,2021-11-25_07-51-54,TRUE
202125,20 - 29,partially_vaccinated,0,0,236116,0,NA,CHFL,COVID19Death,vaccine,all,limited,2021-11-25_07-51-54,TRUE
202125,20 - 29,not_vaccinated,0,0,614891,0,NA,CHFL,COVID19Death,vaccine,all,limited,2021-11-25_07-51-54,TRUE
202125,20 - 29,unknown,0,0,NA,NA,NA,CHFL,COVID19Death,vaccine,all,limited,2021-11-25_07-51-54,TRUE
202125,30 - 39,fully_vaccinated,0,0,276047,0,NA,CHFL,COVID19Death,vaccine,all,limited,2021-11-25_07-51-54,TRUE
202125,30 - 39,partially_vaccinated,0,0,305562,0,NA,CHFL,COVID19Death,vaccine,all,limited,2021-11-25_07-51-54,TRUE
202125,30 - 39,not_vaccinated,0,1,666631,0,NA,CHFL,COVID19Death,vaccine,all,limited,2021-11-25_07-51-54,TRUE
202125,30 - 39,unknown,0,0,NA,NA,NA,CHFL,COVID19Death,vaccine,all,limited,2021-11-25_07-51-54,TRUE
202125,40 - 49,fully_vaccinated,0,0,369634,0,NA,CHFL,COVID19Death,vaccine,all,limited,2021-11-25_07-51-54,TRUE
202125,40 - 49,partially_vaccinated,0,0,311053,0,NA,CHFL,COVID19Death,vaccine,all,limited,2021-11-25_07-51-54,TRUE
202125,40 - 49,not_vaccinated,1,7,526218,0.19,NA,CHFL,COVID19Death,vaccine,all,limited,2021-11-25_07-51-54,TRUE
202125,40 - 49,unknown,0,7,NA,NA,NA,CHFL,COVID19Death,vaccine,all,limited,2021-11-25_07-51-54,TRUE
202125,50 - 59,fully_vaccinated,1,2,633049,0.16,NA,CHFL,COVID19Death,vaccine,all,limited,2021-11-25_07-51-54,TRUE
202125,50 - 59,partially_vaccinated,0,2,201450,0,NA,CHFL,COVID19Death,vaccine,all,limited,2021-11-25_07-51-54,TRUE
202125,50 - 59,not_vaccinated,0,33,471044,0,NA,CHFL,COVID19Death,vaccine,all,limited,2021-11-25_07-51-54,TRUE
202125,50 - 59,unknown,0,22,NA,NA,NA,CHFL,COVID19Death,vaccine,all,limited,2021-11-25_07-51-54,TRUE
202125,60 - 69,fully_vaccinated,0,2,630879,0,NA,CHFL,COVID19Death,vaccine,all,limited,2021-11-25_07-51-54,TRUE
202125,60 - 69,partially_vaccinated,0,3,89215,0,NA,CHFL,COVID19Death,vaccine,all,limited,2021-11-25_07-51-54,TRUE
202125,60 - 69,not_vaccinated,1,89,252183,0.4,NA,CHFL,COVID19Death,vaccine,all,limited,2021-11-25_07-51-54,TRUE
202125,60 - 69,unknown,1,75,NA,NA,NA,CHFL,COVID19Death,vaccine,all,limited,2021-11-25_07-51-54,TRUE
202125,70 - 79,fully_vaccinated,0,6,595912,0,NA,CHFL,COVID19Death,vaccine,all,limited,2021-11-25_07-51-54,TRUE
202125,70 - 79,partially_vaccinated,0,12,23961,0,NA,CHFL,COVID19Death,vaccine,all,limited,2021-11-25_07-51-54,TRUE
202125,70 - 79,not_vaccinated,1,147,120040,0.83,NA,CHFL,COVID19Death,vaccine,all,limited,2021-11-25_07-51-54,TRUE
202125,70 - 79,unknown,1,155,NA,NA,NA,CHFL,COVID19Death,vaccine,all,limited,2021-11-25_07-51-54,TRUE
202125,80+,fully_vaccinated,0,30,390933,0,NA,CHFL,COVID19Death,vaccine,all,limited,2021-11-25_07-51-54,TRUE
202125,80+,partially_vaccinated,0,57,9498,0,NA,CHFL,COVID19Death,vaccine,all,limited,2021-11-25_07-51-54,TRUE
202125,80+,not_vaccinated,1,323,59467,1.68,NA,CHFL,COVID19Death,vaccine,all,limited,2021-11-25_07-51-54,TRUE
202125,80+,unknown,0,385,NA,NA,NA,CHFL,COVID19Death,vaccine,all,limited,2021-11-25_07-51-54,TRUE
202125,Unbekannt,fully_vaccinated,0,0,NA,NA,NA,CHFL,COVID19Death,vaccine,all,limited,2021-11-25_07-51-54,TRUE
202125,Unbekannt,partially_vaccinated,0,0,NA,NA,NA,CHFL,COVID19Death,vaccine,all,limited,2021-11-25_07-51-54,TRUE
202125,Unbekannt,not_vaccinated,0,0,NA,NA,NA,CHFL,COVID19Death,vaccine,all,limited,2021-11-25_07-51-54,TRUE
202125,Unbekannt,unknown,0,0,NA,NA,NA,CHFL,COVID19Death,vaccine,all,limited,2021-11-25_07-51-54,TRUE
202126,0 - 9,fully_vaccinated,0,0,89,0,NA,CHFL,COVID19Death,vaccine,all,intermediate,2021-11-25_07-51-54,TRUE
202126,0 - 9,partially_vaccinated,0,0,64,0,NA,CHFL,COVID19Death,vaccine,all,intermediate,2021-11-25_07-51-54,TRUE
202126,0 - 9,not_vaccinated,0,0,880434,0,NA,CHFL,COVID19Death,vaccine,all,intermediate,2021-11-25_07-51-54,TRUE
202126,0 - 9,unknown,0,0,NA,NA,NA,CHFL,COVID19Death,vaccine,all,intermediate,2021-11-25_07-51-54,TRUE
202126,10 - 19,fully_vaccinated,0,0,45285,0,NA,CHFL,COVID19Death,vaccine,all,intermediate,2021-11-25_07-51-54,TRUE
202126,10 - 19,partially_vaccinated,0,0,75570,0,NA,CHFL,COVID19Death,vaccine,all,intermediate,2021-11-25_07-51-54,TRUE
202126,10 - 19,not_vaccinated,0,0,732520,0,NA,CHFL,COVID19Death,vaccine,all,intermediate,2021-11-25_07-51-54,TRUE
202126,10 - 19,unknown,0,1,NA,NA,NA,CHFL,COVID19Death,vaccine,all,intermediate,2021-11-25_07-51-54,TRUE
202126,20 - 29,fully_vaccinated,0,0,249636,0,NA,CHFL,COVID19Death,vaccine,all,intermediate,2021-11-25_07-51-54,TRUE
202126,20 - 29,partially_vaccinated,0,0,203882,0,NA,CHFL,COVID19Death,vaccine,all,intermediate,2021-11-25_07-51-54,TRUE
202126,20 - 29,not_vaccinated,0,0,589099,0,NA,CHFL,COVID19Death,vaccine,all,intermediate,2021-11-25_07-51-54,TRUE
202126,20 - 29,unknown,0,0,NA,NA,NA,CHFL,COVID19Death,vaccine,all,intermediate,2021-11-25_07-51-54,TRUE
202126,30 - 39,fully_vaccinated,0,0,357672,0,NA,CHFL,COVID19Death,vaccine,all,intermediate,2021-11-25_07-51-54,TRUE
202126,30 - 39,partially_vaccinated,0,0,250249,0,NA,CHFL,COVID19Death,vaccine,all,intermediate,2021-11-25_07-51-54,TRUE
202126,30 - 39,not_vaccinated,0,1,640319,0,NA,CHFL,COVID19Death,vaccine,all,intermediate,2021-11-25_07-51-54,TRUE
202126,30 - 39,unknown,0,0,NA,NA,NA,CHFL,COVID19Death,vaccine,all,intermediate,2021-11-25_07-51-54,TRUE
202126,40 - 49,fully_vaccinated,0,0,461053,0,NA,CHFL,COVID19Death,vaccine,all,intermediate,2021-11-25_07-51-54,TRUE
202126,40 - 49,partially_vaccinated,0,0,242026,0,NA,CHFL,COVID19Death,vaccine,all,intermediate,2021-11-25_07-51-54,TRUE
202126,40 - 49,not_vaccinated,0,7,503826,0,NA,CHFL,COVID19Death,vaccine,all,intermediate,2021-11-25_07-51-54,TRUE
202126,40 - 49,unknown,0,7,NA,NA,NA,CHFL,COVID19Death,vaccine,all,intermediate,2021-11-25_07-51-54,TRUE
202126,50 - 59,fully_vaccinated,0,2,689226,0,NA,CHFL,COVID19Death,vaccine,all,intermediate,2021-11-25_07-51-54,TRUE
202126,50 - 59,partially_vaccinated,0,2,164203,0,NA,CHFL,COVID19Death,vaccine,all,intermediate,2021-11-25_07-51-54,TRUE
202126,50 - 59,not_vaccinated,0,33,452114,0,NA,CHFL,COVID19Death,vaccine,all,intermediate,2021-11-25_07-51-54,TRUE
202126,50 - 59,unknown,0,22,NA,NA,NA,CHFL,COVID19Death,vaccine,all,intermediate,2021-11-25_07-51-54,TRUE
202126,60 - 69,fully_vaccinated,0,2,655339,0,NA,CHFL,COVID19Death,vaccine,all,intermediate,2021-11-25_07-51-54,TRUE
202126,60 - 69,partially_vaccinated,0,3,74162,0,NA,CHFL,COVID19Death,vaccine,all,intermediate,2021-11-25_07-51-54,TRUE
202126,60 - 69,not_vaccinated,0,89,242776,0,NA,CHFL,COVID19Death,vaccine,all,intermediate,2021-11-25_07-51-54,TRUE
202126,60 - 69,unknown,0,75,NA,NA,NA,CHFL,COVID19Death,vaccine,all,intermediate,2021-11-25_07-51-54,TRUE
202126,70 - 79,fully_vaccinated,0,6,602332,0,NA,CHFL,COVID19Death,vaccine,all,intermediate,2021-11-25_07-51-54,TRUE
202126,70 - 79,partially_vaccinated,0,12,21055,0,NA,CHFL,COVID19Death,vaccine,all,intermediate,2021-11-25_07-51-54,TRUE
202126,70 - 79,not_vaccinated,0,147,116526,0,NA,CHFL,COVID19Death,vaccine,all,intermediate,2021-11-25_07-51-54,TRUE
202126,70 - 79,unknown,1,156,NA,NA,NA,CHFL,COVID19Death,vaccine,all,intermediate,2021-11-25_07-51-54,TRUE
202126,80+,fully_vaccinated,0,30,393833,0,NA,CHFL,COVID19Death,vaccine,all,intermediate,2021-11-25_07-51-54,TRUE
202126,80+,partially_vaccinated,0,57,8097,0,NA,CHFL,COVID19Death,vaccine,all,intermediate,2021-11-25_07-51-54,TRUE
202126,80+,not_vaccinated,1,324,57968,1.73,NA,CHFL,COVID19Death,vaccine,all,intermediate,2021-11-25_07-51-54,TRUE
202126,80+,unknown,1,386,NA,NA,NA,CHFL,COVID19Death,vaccine,all,intermediate,2021-11-25_07-51-54,TRUE
202126,Unbekannt,fully_vaccinated,0,0,NA,NA,NA,CHFL,COVID19Death,vaccine,all,intermediate,2021-11-25_07-51-54,TRUE
202126,Unbekannt,partially_vaccinated,0,0,NA,NA,NA,CHFL,COVID19Death,vaccine,all,intermediate,2021-11-25_07-51-54,TRUE
202126,Unbekannt,not_vaccinated,0,0,NA,NA,NA,CHFL,COVID19Death,vaccine,all,intermediate,2021-11-25_07-51-54,TRUE
202126,Unbekannt,unknown,0,0,NA,NA,NA,CHFL,COVID19Death,vaccine,all,intermediate,2021-11-25_07-51-54,TRUE
202127,0 - 9,fully_vaccinated,0,0,98,0,NA,CHFL,COVID19Death,vaccine,all,intermediate,2021-11-25_07-51-54,TRUE
202127,0 - 9,partially_vaccinated,0,0,58,0,NA,CHFL,COVID19Death,vaccine,all,intermediate,2021-11-25_07-51-54,TRUE
202127,0 - 9,not_vaccinated,0,0,880431,0,NA,CHFL,COVID19Death,vaccine,all,intermediate,2021-11-25_07-51-54,TRUE
202127,0 - 9,unknown,0,0,NA,NA,NA,CHFL,COVID19Death,vaccine,all,intermediate,2021-11-25_07-51-54,TRUE
202127,10 - 19,fully_vaccinated,0,0,62068,0,NA,CHFL,COVID19Death,vaccine,all,intermediate,2021-11-25_07-51-54,TRUE
202127,10 - 19,partially_vaccinated,0,0,74398,0,NA,CHFL,COVID19Death,vaccine,all,intermediate,2021-11-25_07-51-54,TRUE
202127,10 - 19,not_vaccinated,0,0,716909,0,NA,CHFL,COVID19Death,vaccine,all,intermediate,2021-11-25_07-51-54,TRUE
202127,10 - 19,unknown,0,1,NA,NA,NA,CHFL,COVID19Death,vaccine,all,intermediate,2021-11-25_07-51-54,TRUE
202127,20 - 29,fully_vaccinated,0,0,311325,0,NA,CHFL,COVID19Death,vaccine,all,intermediate,2021-11-25_07-51-54,TRUE
202127,20 - 29,partially_vaccinated,0,0,158877,0,NA,CHFL,COVID19Death,vaccine,all,intermediate,2021-11-25_07-51-54,TRUE
202127,20 - 29,not_vaccinated,0,0,572415,0,NA,CHFL,COVID19Death,vaccine,all,intermediate,2021-11-25_07-51-54,TRUE
202127,20 - 29,unknown,0,0,NA,NA,NA,CHFL,COVID19Death,vaccine,all,intermediate,2021-11-25_07-51-54,TRUE
202127,30 - 39,fully_vaccinated,0,0,440842,0,NA,CHFL,COVID19Death,vaccine,all,intermediate,2021-11-25_07-51-54,TRUE
202127,30 - 39,partially_vaccinated,0,0,183639,0,NA,CHFL,COVID19Death,vaccine,all,intermediate,2021-11-25_07-51-54,TRUE
202127,30 - 39,not_vaccinated,0,1,623759,0,NA,CHFL,COVID19Death,vaccine,all,intermediate,2021-11-25_07-51-54,TRUE
202127,30 - 39,unknown,0,0,NA,NA,NA,CHFL,COVID19Death,vaccine,all,intermediate,2021-11-25_07-51-54,TRUE
202127,40 - 49,fully_vaccinated,0,0,547957,0,NA,CHFL,COVID19Death,vaccine,all,intermediate,2021-11-25_07-51-54,TRUE
202127,40 - 49,partially_vaccinated,0,0,169493,0,NA,CHFL,COVID19Death,vaccine,all,intermediate,2021-11-25_07-51-54,TRUE
202127,40 - 49,not_vaccinated,1,8,489455,0.2,NA,CHFL,COVID19Death,vaccine,all,intermediate,2021-11-25_07-51-54,TRUE
202127,40 - 49,unknown,0,7,NA,NA,NA,CHFL,COVID19Death,vaccine,all,intermediate,2021-11-25_07-51-54,TRUE
202127,50 - 59,fully_vaccinated,0,2,745285,0,NA,CHFL,COVID19Death,vaccine,all,intermediate,2021-11-25_07-51-54,TRUE
202127,50 - 59,partially_vaccinated,0,2,121686,0,NA,CHFL,COVID19Death,vaccine,all,intermediate,2021-11-25_07-51-54,TRUE
202127,50 - 59,not_vaccinated,0,33,438572,0,NA,CHFL,COVID19Death,vaccine,all,intermediate,2021-11-25_07-51-54,TRUE
202127,50 - 59,unknown,0,22,NA,NA,NA,CHFL,COVID19Death,vaccine,all,intermediate,2021-11-25_07-51-54,TRUE
202127,60 - 69,fully_vaccinated,0,2,679005,0,NA,CHFL,COVID19Death,vaccine,all,intermediate,2021-11-25_07-51-54,TRUE
202127,60 - 69,partially_vaccinated,0,3,57884,0,NA,CHFL,COVID19Death,vaccine,all,intermediate,2021-11-25_07-51-54,TRUE
202127,60 - 69,not_vaccinated,0,89,235388,0,NA,CHFL,COVID19Death,vaccine,all,intermediate,2021-11-25_07-51-54,TRUE
202127,60 - 69,unknown,0,75,NA,NA,NA,CHFL,COVID19Death,vaccine,all,intermediate,2021-11-25_07-51-54,TRUE
202127,70 - 79,fully_vaccinated,0,6,608016,0,NA,CHFL,COVID19Death,vaccine,all,intermediate,2021-11-25_07-51-54,TRUE
202127,70 - 79,partially_vaccinated,0,12,18240,0,NA,CHFL,COVID19Death,vaccine,all,intermediate,2021-11-25_07-51-54,TRUE
202127,70 - 79,not_vaccinated,1,148,113657,0.88,NA,CHFL,COVID19Death,vaccine,all,intermediate,2021-11-25_07-51-54,TRUE
202127,70 - 79,unknown,0,156,NA,NA,NA,CHFL,COVID19Death,vaccine,all,intermediate,2021-11-25_07-51-54,TRUE
202127,80+,fully_vaccinated,0,30,396154,0,NA,CHFL,COVID19Death,vaccine,all,intermediate,2021-11-25_07-51-54,TRUE
202127,80+,partially_vaccinated,0,57,7051,0,NA,CHFL,COVID19Death,vaccine,all,intermediate,2021-11-25_07-51-54,TRUE
202127,80+,not_vaccinated,1,325,56693,1.76,NA,CHFL,COVID19Death,vaccine,all,intermediate,2021-11-25_07-51-54,TRUE
202127,80+,unknown,0,386,NA,NA,NA,CHFL,COVID19Death,vaccine,all,intermediate,2021-11-25_07-51-54,TRUE
202127,Unbekannt,fully_vaccinated,0,0,NA,NA,NA,CHFL,COVID19Death,vaccine,all,intermediate,2021-11-25_07-51-54,TRUE
202127,Unbekannt,partially_vaccinated,0,0,NA,NA,NA,CHFL,COVID19Death,vaccine,all,intermediate,2021-11-25_07-51-54,TRUE
202127,Unbekannt,not_vaccinated,0,0,NA,NA,NA,CHFL,COVID19Death,vaccine,all,intermediate,2021-11-25_07-51-54,TRUE
202127,Unbekannt,unknown,0,0,NA,NA,NA,CHFL,COVID19Death,vaccine,all,intermediate,2021-11-25_07-51-54,TRUE
202128,0 - 9,fully_vaccinated,0,0,102,0,NA,CHFL,COVID19Death,vaccine,all,intermediate,2021-11-25_07-51-54,TRUE
202128,0 - 9,partially_vaccinated,0,0,56,0,NA,CHFL,COVID19Death,vaccine,all,intermediate,2021-11-25_07-51-54,TRUE
202128,0 - 9,not_vaccinated,0,0,880429,0,NA,CHFL,COVID19Death,vaccine,all,intermediate,2021-11-25_07-51-54,TRUE
202128,0 - 9,unknown,0,0,NA,NA,NA,CHFL,COVID19Death,vaccine,all,intermediate,2021-11-25_07-51-54,TRUE
202128,10 - 19,fully_vaccinated,0,0,81880,0,NA,CHFL,COVID19Death,vaccine,all,intermediate,2021-11-25_07-51-54,TRUE
202128,10 - 19,partially_vaccinated,0,0,67122,0,NA,CHFL,COVID19Death,vaccine,all,intermediate,2021-11-25_07-51-54,TRUE
202128,10 - 19,not_vaccinated,0,0,704373,0,NA,CHFL,COVID19Death,vaccine,all,intermediate,2021-11-25_07-51-54,TRUE
202128,10 - 19,unknown,0,1,NA,NA,NA,CHFL,COVID19Death,vaccine,all,intermediate,2021-11-25_07-51-54,TRUE
202128,20 - 29,fully_vaccinated,0,0,371177,0,NA,CHFL,COVID19Death,vaccine,all,intermediate,2021-11-25_07-51-54,TRUE
202128,20 - 29,partially_vaccinated,0,0,115477,0,NA,CHFL,COVID19Death,vaccine,all,intermediate,2021-11-25_07-51-54,TRUE
202128,20 - 29,not_vaccinated,0,0,555963,0,NA,CHFL,COVID19Death,vaccine,all,intermediate,2021-11-25_07-51-54,TRUE
202128,20 - 29,unknown,0,0,NA,NA,NA,CHFL,COVID19Death,vaccine,all,intermediate,2021-11-25_07-51-54,TRUE
202128,30 - 39,fully_vaccinated,0,0,514920,0,NA,CHFL,COVID19Death,vaccine,all,intermediate,2021-11-25_07-51-54,TRUE
202128,30 - 39,partially_vaccinated,0,0,124070,0,NA,CHFL,COVID19Death,vaccine,all,intermediate,2021-11-25_07-51-54,TRUE
202128,30 - 39,not_vaccinated,0,1,609250,0,NA,CHFL,COVID19Death,vaccine,all,intermediate,2021-11-25_07-51-54,TRUE
202128,30 - 39,unknown,0,0,NA,NA,NA,CHFL,COVID19Death,vaccine,all,intermediate,2021-11-25_07-51-54,TRUE
202128,40 - 49,fully_vaccinated,0,0,619521,0,NA,CHFL,COVID19Death,vaccine,all,intermediate,2021-11-25_07-51-54,TRUE
202128,40 - 49,partially_vaccinated,0,0,110330,0,NA,CHFL,COVID19Death,vaccine,all,intermediate,2021-11-25_07-51-54,TRUE
202128,40 - 49,not_vaccinated,0,8,477054,0,NA,CHFL,COVID19Death,vaccine,all,intermediate,2021-11-25_07-51-54,TRUE
202128,40 - 49,unknown,0,7,NA,NA,NA,CHFL,COVID19Death,vaccine,all,intermediate,2021-11-25_07-51-54,TRUE
202128,50 - 59,fully_vaccinated,0,2,790755,0,NA,CHFL,COVID19Death,vaccine,all,intermediate,2021-11-25_07-51-54,TRUE
202128,50 - 59,partially_vaccinated,0,2,88605,0,NA,CHFL,COVID19Death,vaccine,all,intermediate,2021-11-25_07-51-54,TRUE
202128,50 - 59,not_vaccinated,0,33,426183,0,NA,CHFL,COVID19Death,vaccine,all,intermediate,2021-11-25_07-51-54,TRUE
202128,50 - 59,unknown,0,22,NA,NA,NA,CHFL,COVID19Death,vaccine,all,intermediate,2021-11-25_07-51-54,TRUE
202128,60 - 69,fully_vaccinated,0,2,698344,0,NA,CHFL,COVID19Death,vaccine,all,intermediate,2021-11-25_07-51-54,TRUE
202128,60 - 69,partially_vaccinated,1,4,45193,2.21,NA,CHFL,COVID19Death,vaccine,all,intermediate,2021-11-25_07-51-54,TRUE
202128,60 - 69,not_vaccinated,0,89,228740,0,NA,CHFL,COVID19Death,vaccine,all,intermediate,2021-11-25_07-51-54,TRUE
202128,60 - 69,unknown,0,75,NA,NA,NA,CHFL,COVID19Death,vaccine,all,intermediate,2021-11-25_07-51-54,TRUE
202128,70 - 79,fully_vaccinated,0,6,613197,0,NA,CHFL,COVID19Death,vaccine,all,intermediate,2021-11-25_07-51-54,TRUE
202128,70 - 79,partially_vaccinated,0,12,15743,0,NA,CHFL,COVID19Death,vaccine,all,intermediate,2021-11-25_07-51-54,TRUE
202128,70 - 79,not_vaccinated,0,148,110973,0,NA,CHFL,COVID19Death,vaccine,all,intermediate,2021-11-25_07-51-54,TRUE
202128,70 - 79,unknown,0,156,NA,NA,NA,CHFL,COVID19Death,vaccine,all,intermediate,2021-11-25_07-51-54,TRUE
202128,80+,fully_vaccinated,1,31,398166,0.25,NA,CHFL,COVID19Death,vaccine,all,intermediate,2021-11-25_07-51-54,TRUE
202128,80+,partially_vaccinated,0,57,6232,0,NA,CHFL,COVID19Death,vaccine,all,intermediate,2021-11-25_07-51-54,TRUE
202128,80+,not_vaccinated,0,325,55500,0,NA,CHFL,COVID19Death,vaccine,all,intermediate,2021-11-25_07-51-54,TRUE
202128,80+,unknown,0,386,NA,NA,NA,CHFL,COVID19Death,vaccine,all,intermediate,2021-11-25_07-51-54,TRUE
202128,Unbekannt,fully_vaccinated,0,0,NA,NA,NA,CHFL,COVID19Death,vaccine,all,intermediate,2021-11-25_07-51-54,TRUE
202128,Unbekannt,partially_vaccinated,0,0,NA,NA,NA,CHFL,COVID19Death,vaccine,all,intermediate,2021-11-25_07-51-54,TRUE
202128,Unbekannt,not_vaccinated,0,0,NA,NA,NA,CHFL,COVID19Death,vaccine,all,intermediate,2021-11-25_07-51-54,TRUE
202128,Unbekannt,unknown,0,0,NA,NA,NA,CHFL,COVID19Death,vaccine,all,intermediate,2021-11-25_07-51-54,TRUE
202129,0 - 9,fully_vaccinated,0,0,105,0,NA,CHFL,COVID19Death,vaccine,all,intermediate,2021-11-25_07-51-54,TRUE
202129,0 - 9,partially_vaccinated,0,0,57,0,NA,CHFL,COVID19Death,vaccine,all,intermediate,2021-11-25_07-51-54,TRUE
202129,0 - 9,not_vaccinated,0,0,880425,0,NA,CHFL,COVID19Death,vaccine,all,intermediate,2021-11-25_07-51-54,TRUE
202129,0 - 9,unknown,0,0,NA,NA,NA,CHFL,COVID19Death,vaccine,all,intermediate,2021-11-25_07-51-54,TRUE
202129,10 - 19,fully_vaccinated,0,0,97983,0,NA,CHFL,COVID19Death,vaccine,all,intermediate,2021-11-25_07-51-54,TRUE
202129,10 - 19,partially_vaccinated,0,0,61624,0,NA,CHFL,COVID19Death,vaccine,all,intermediate,2021-11-25_07-51-54,TRUE
202129,10 - 19,not_vaccinated,0,0,693768,0,NA,CHFL,COVID19Death,vaccine,all,intermediate,2021-11-25_07-51-54,TRUE
202129,10 - 19,unknown,0,1,NA,NA,NA,CHFL,COVID19Death,vaccine,all,intermediate,2021-11-25_07-51-54,TRUE
202129,20 - 29,fully_vaccinated,0,0,420314,0,NA,CHFL,COVID19Death,vaccine,all,intermediate,2021-11-25_07-51-54,TRUE
202129,20 - 29,partially_vaccinated,0,0,79083,0,NA,CHFL,COVID19Death,vaccine,all,intermediate,2021-11-25_07-51-54,TRUE
202129,20 - 29,not_vaccinated,0,0,543220,0,NA,CHFL,COVID19Death,vaccine,all,intermediate,2021-11-25_07-51-54,TRUE
202129,20 - 29,unknown,0,0,NA,NA,NA,CHFL,COVID19Death,vaccine,all,intermediate,2021-11-25_07-51-54,TRUE
202129,30 - 39,fully_vaccinated,0,0,570663,0,NA,CHFL,COVID19Death,vaccine,all,intermediate,2021-11-25_07-51-54,TRUE
202129,30 - 39,partially_vaccinated,0,0,82467,0,NA,CHFL,COVID19Death,vaccine,all,intermediate,2021-11-25_07-51-54,TRUE
202129,30 - 39,not_vaccinated,1,2,595110,0.17,NA,CHFL,COVID19Death,vaccine,all,intermediate,2021-11-25_07-51-54,TRUE
202129,30 - 39,unknown,0,0,NA,NA,NA,CHFL,COVID19Death,vaccine,all,intermediate,2021-11-25_07-51-54,TRUE
202129,40 - 49,fully_vaccinated,0,0,669496,0,NA,CHFL,COVID19Death,vaccine,all,intermediate,2021-11-25_07-51-54,TRUE
202129,40 - 49,partially_vaccinated,0,0,72124,0,NA,CHFL,COVID19Death,vaccine,all,intermediate,2021-11-25_07-51-54,TRUE
202129,40 - 49,not_vaccinated,0,8,465285,0,NA,CHFL,COVID19Death,vaccine,all,intermediate,2021-11-25_07-51-54,TRUE
202129,40 - 49,unknown,0,7,NA,NA,NA,CHFL,COVID19Death,vaccine,all,intermediate,2021-11-25_07-51-54,TRUE
202129,50 - 59,fully_vaccinated,0,2,826604,0,NA,CHFL,COVID19Death,vaccine,all,intermediate,2021-11-25_07-51-54,TRUE
202129,50 - 59,partially_vaccinated,0,2,64355,0,NA,CHFL,COVID19Death,vaccine,all,intermediate,2021-11-25_07-51-54,TRUE
202129,50 - 59,not_vaccinated,1,34,414584,0.24,NA,CHFL,COVID19Death,vaccine,all,intermediate,2021-11-25_07-51-54,TRUE
202129,50 - 59,unknown,0,22,NA,NA,NA,CHFL,COVID19Death,vaccine,all,intermediate,2021-11-25_07-51-54,TRUE
202129,60 - 69,fully_vaccinated,0,2,714185,0,NA,CHFL,COVID19Death,vaccine,all,intermediate,2021-11-25_07-51-54,TRUE
202129,60 - 69,partially_vaccinated,0,4,35832,0,NA,CHFL,COVID19Death,vaccine,all,intermediate,2021-11-25_07-51-54,TRUE
202129,60 - 69,not_vaccinated,2,91,222260,0.9,NA,CHFL,COVID19Death,vaccine,all,intermediate,2021-11-25_07-51-54,TRUE
202129,60 - 69,unknown,0,75,NA,NA,NA,CHFL,COVID19Death,vaccine,all,intermediate,2021-11-25_07-51-54,TRUE
202129,70 - 79,fully_vaccinated,0,6,617628,0,NA,CHFL,COVID19Death,vaccine,all,intermediate,2021-11-25_07-51-54,TRUE
202129,70 - 79,partially_vaccinated,0,12,14010,0,NA,CHFL,COVID19Death,vaccine,all,intermediate,2021-11-25_07-51-54,TRUE
202129,70 - 79,not_vaccinated,1,149,108275,0.92,NA,CHFL,COVID19Death,vaccine,all,intermediate,2021-11-25_07-51-54,TRUE
202129,70 - 79,unknown,0,156,NA,NA,NA,CHFL,COVID19Death,vaccine,all,intermediate,2021-11-25_07-51-54,TRUE
202129,80+,fully_vaccinated,0,31,399911,0,NA,CHFL,COVID19Death,vaccine,all,intermediate,2021-11-25_07-51-54,TRUE
202129,80+,partially_vaccinated,0,57,5692,0,NA,CHFL,COVID19Death,vaccine,all,intermediate,2021-11-25_07-51-54,TRUE
202129,80+,not_vaccinated,0,325,54295,0,NA,CHFL,COVID19Death,vaccine,all,intermediate,2021-11-25_07-51-54,TRUE
202129,80+,unknown,0,386,NA,NA,NA,CHFL,COVID19Death,vaccine,all,intermediate,2021-11-25_07-51-54,TRUE
202129,Unbekannt,fully_vaccinated,0,0,NA,NA,NA,CHFL,COVID19Death,vaccine,all,intermediate,2021-11-25_07-51-54,TRUE
202129,Unbekannt,partially_vaccinated,0,0,NA,NA,NA,CHFL,COVID19Death,vaccine,all,intermediate,2021-11-25_07-51-54,TRUE
202129,Unbekannt,not_vaccinated,0,0,NA,NA,NA,CHFL,COVID19Death,vaccine,all,intermediate,2021-11-25_07-51-54,TRUE
202129,Unbekannt,unknown,0,0,NA,NA,NA,CHFL,COVID19Death,vaccine,all,intermediate,2021-11-25_07-51-54,TRUE
202130,0 - 9,fully_vaccinated,0,0,109,0,NA,CHFL,COVID19Death,vaccine,all,intermediate,2021-11-25_07-51-54,TRUE
202130,0 - 9,partially_vaccinated,0,0,53,0,NA,CHFL,COVID19Death,vaccine,all,intermediate,2021-11-25_07-51-54,TRUE
202130,0 - 9,not_vaccinated,0,0,880425,0,NA,CHFL,COVID19Death,vaccine,all,intermediate,2021-11-25_07-51-54,TRUE
202130,0 - 9,unknown,0,0,NA,NA,NA,CHFL,COVID19Death,vaccine,all,intermediate,2021-11-25_07-51-54,TRUE
202130,10 - 19,fully_vaccinated,0,0,114693,0,NA,CHFL,COVID19Death,vaccine,all,intermediate,2021-11-25_07-51-54,TRUE
202130,10 - 19,partially_vaccinated,0,0,55230,0,NA,CHFL,COVID19Death,vaccine,all,intermediate,2021-11-25_07-51-54,TRUE
202130,10 - 19,not_vaccinated,0,0,683452,0,NA,CHFL,COVID19Death,vaccine,all,intermediate,2021-11-25_07-51-54,TRUE
202130,10 - 19,unknown,0,1,NA,NA,NA,CHFL,COVID19Death,vaccine,all,intermediate,2021-11-25_07-51-54,TRUE
202130,20 - 29,fully_vaccinated,0,0,446545,0,NA,CHFL,COVID19Death,vaccine,all,intermediate,2021-11-25_07-51-54,TRUE
202130,20 - 29,partially_vaccinated,0,0,64784,0,NA,CHFL,COVID19Death,vaccine,all,intermediate,2021-11-25_07-51-54,TRUE
202130,20 - 29,not_vaccinated,0,0,531288,0,NA,CHFL,COVID19Death,vaccine,all,intermediate,2021-11-25_07-51-54,TRUE
202130,20 - 29,unknown,0,0,NA,NA,NA,CHFL,COVID19Death,vaccine,all,intermediate,2021-11-25_07-51-54,TRUE
202130,30 - 39,fully_vaccinated,0,0,598225,0,NA,CHFL,COVID19Death,vaccine,all,intermediate,2021-11-25_07-51-54,TRUE
202130,30 - 39,partially_vaccinated,0,0,68420,0,NA,CHFL,COVID19Death,vaccine,all,intermediate,2021-11-25_07-51-54,TRUE
202130,30 - 39,not_vaccinated,0,2,581595,0,NA,CHFL,COVID19Death,vaccine,all,intermediate,2021-11-25_07-51-54,TRUE
202130,30 - 39,unknown,0,0,NA,NA,NA,CHFL,COVID19Death,vaccine,all,intermediate,2021-11-25_07-51-54,TRUE
202130,40 - 49,fully_vaccinated,0,0,692488,0,NA,CHFL,COVID19Death,vaccine,all,intermediate,2021-11-25_07-51-54,TRUE
202130,40 - 49,partially_vaccinated,0,0,60219,0,NA,CHFL,COVID19Death,vaccine,all,intermediate,2021-11-25_07-51-54,TRUE
202130,40 - 49,not_vaccinated,0,8,454198,0,NA,CHFL,COVID19Death,vaccine,all,intermediate,2021-11-25_07-51-54,TRUE
202130,40 - 49,unknown,0,7,NA,NA,NA,CHFL,COVID19Death,vaccine,all,intermediate,2021-11-25_07-51-54,TRUE
202130,50 - 59,fully_vaccinated,0,2,845083,0,NA,CHFL,COVID19Death,vaccine,all,intermediate,2021-11-25_07-51-54,TRUE
202130,50 - 59,partially_vaccinated,0,2,56624,0,NA,CHFL,COVID19Death,vaccine,all,intermediate,2021-11-25_07-51-54,TRUE
202130,50 - 59,not_vaccinated,1,35,403836,0.25,NA,CHFL,COVID19Death,vaccine,all,intermediate,2021-11-25_07-51-54,TRUE
202130,50 - 59,unknown,0,22,NA,NA,NA,CHFL,COVID19Death,vaccine,all,intermediate,2021-11-25_07-51-54,TRUE
202130,60 - 69,fully_vaccinated,0,2,723477,0,NA,CHFL,COVID19Death,vaccine,all,intermediate,2021-11-25_07-51-54,TRUE
202130,60 - 69,partially_vaccinated,0,4,32557,0,NA,CHFL,COVID19Death,vaccine,all,intermediate,2021-11-25_07-51-54,TRUE
202130,60 - 69,not_vaccinated,1,92,216243,0.46,NA,CHFL,COVID19Death,vaccine,all,intermediate,2021-11-25_07-51-54,TRUE
202130,60 - 69,unknown,0,75,NA,NA,NA,CHFL,COVID19Death,vaccine,all,intermediate,2021-11-25_07-51-54,TRUE
202130,70 - 79,fully_vaccinated,0,6,620921,0,NA,CHFL,COVID19Death,vaccine,all,intermediate,2021-11-25_07-51-54,TRUE
202130,70 - 79,partially_vaccinated,0,12,13112,0,NA,CHFL,COVID19Death,vaccine,all,intermediate,2021-11-25_07-51-54,TRUE
202130,70 - 79,not_vaccinated,2,151,105880,1.89,NA,CHFL,COVID19Death,vaccine,all,intermediate,2021-11-25_07-51-54,TRUE
202130,70 - 79,unknown,0,156,NA,NA,NA,CHFL,COVID19Death,vaccine,all,intermediate,2021-11-25_07-51-54,TRUE
202130,80+,fully_vaccinated,1,32,401223,0.25,NA,CHFL,COVID19Death,vaccine,all,intermediate,2021-11-25_07-51-54,TRUE
202130,80+,partially_vaccinated,0,57,5419,0,NA,CHFL,COVID19Death,vaccine,all,intermediate,2021-11-25_07-51-54,TRUE
202130,80+,not_vaccinated,4,329,53256,7.51,NA,CHFL,COVID19Death,vaccine,all,intermediate,2021-11-25_07-51-54,TRUE
202130,80+,unknown,2,388,NA,NA,NA,CHFL,COVID19Death,vaccine,all,intermediate,2021-11-25_07-51-54,TRUE
202130,Unbekannt,fully_vaccinated,0,0,NA,NA,NA,CHFL,COVID19Death,vaccine,all,intermediate,2021-11-25_07-51-54,TRUE
202130,Unbekannt,partially_vaccinated,0,0,NA,NA,NA,CHFL,COVID19Death,vaccine,all,intermediate,2021-11-25_07-51-54,TRUE
202130,Unbekannt,not_vaccinated,0,0,NA,NA,NA,CHFL,COVID19Death,vaccine,all,intermediate,2021-11-25_07-51-54,TRUE
202130,Unbekannt,unknown,0,0,NA,NA,NA,CHFL,COVID19Death,vaccine,all,intermediate,2021-11-25_07-51-54,TRUE
202131,0 - 9,fully_vaccinated,0,0,111,0,NA,CHFL,COVID19Death,vaccine,all,intermediate,2021-11-25_07-51-54,TRUE
202131,0 - 9,partially_vaccinated,0,0,56,0,NA,CHFL,COVID19Death,vaccine,all,intermediate,2021-11-25_07-51-54,TRUE
202131,0 - 9,not_vaccinated,0,0,880420,0,NA,CHFL,COVID19Death,vaccine,all,intermediate,2021-11-25_07-51-54,TRUE
202131,0 - 9,unknown,0,0,NA,NA,NA,CHFL,COVID19Death,vaccine,all,intermediate,2021-11-25_07-51-54,TRUE
202131,10 - 19,fully_vaccinated,0,0,129499,0,NA,CHFL,COVID19Death,vaccine,all,intermediate,2021-11-25_07-51-54,TRUE
202131,10 - 19,partially_vaccinated,0,0,50519,0,NA,CHFL,COVID19Death,vaccine,all,intermediate,2021-11-25_07-51-54,TRUE
202131,10 - 19,not_vaccinated,0,0,673357,0,NA,CHFL,COVID19Death,vaccine,all,intermediate,2021-11-25_07-51-54,TRUE
202131,10 - 19,unknown,0,1,NA,NA,NA,CHFL,COVID19Death,vaccine,all,intermediate,2021-11-25_07-51-54,TRUE
202131,20 - 29,fully_vaccinated,0,0,462659,0,NA,CHFL,COVID19Death,vaccine,all,intermediate,2021-11-25_07-51-54,TRUE
202131,20 - 29,partially_vaccinated,0,0,58091,0,NA,CHFL,COVID19Death,vaccine,all,intermediate,2021-11-25_07-51-54,TRUE
202131,20 - 29,not_vaccinated,0,0,521867,0,NA,CHFL,COVID19Death,vaccine,all,intermediate,2021-11-25_07-51-54,TRUE
202131,20 - 29,unknown,0,0,NA,NA,NA,CHFL,COVID19Death,vaccine,all,intermediate,2021-11-25_07-51-54,TRUE
202131,30 - 39,fully_vaccinated,0,0,615301,0,NA,CHFL,COVID19Death,vaccine,all,intermediate,2021-11-25_07-51-54,TRUE
202131,30 - 39,partially_vaccinated,0,0,62166,0,NA,CHFL,COVID19Death,vaccine,all,intermediate,2021-11-25_07-51-54,TRUE
202131,30 - 39,not_vaccinated,0,2,570773,0,NA,CHFL,COVID19Death,vaccine,all,intermediate,2021-11-25_07-51-54,TRUE
202131,30 - 39,unknown,0,0,NA,NA,NA,CHFL,COVID19Death,vaccine,all,intermediate,2021-11-25_07-51-54,TRUE
202131,40 - 49,fully_vaccinated,0,0,707383,0,NA,CHFL,COVID19Death,vaccine,all,intermediate,2021-11-25_07-51-54,TRUE
202131,40 - 49,partially_vaccinated,0,0,54451,0,NA,CHFL,COVID19Death,vaccine,all,intermediate,2021-11-25_07-51-54,TRUE
202131,40 - 49,not_vaccinated,0,8,445071,0,NA,CHFL,COVID19Death,vaccine,all,intermediate,2021-11-25_07-51-54,TRUE
202131,40 - 49,unknown,0,7,NA,NA,NA,CHFL,COVID19Death,vaccine,all,intermediate,2021-11-25_07-51-54,TRUE
202131,50 - 59,fully_vaccinated,0,2,858112,0,NA,CHFL,COVID19Death,vaccine,all,intermediate,2021-11-25_07-51-54,TRUE
202131,50 - 59,partially_vaccinated,0,2,51863,0,NA,CHFL,COVID19Death,vaccine,all,intermediate,2021-11-25_07-51-54,TRUE
202131,50 - 59,not_vaccinated,1,36,395568,0.25,NA,CHFL,COVID19Death,vaccine,all,intermediate,2021-11-25_07-51-54,TRUE
202131,50 - 59,unknown,0,22,NA,NA,NA,CHFL,COVID19Death,vaccine,all,intermediate,2021-11-25_07-51-54,TRUE
202131,60 - 69,fully_vaccinated,0,2,730443,0,NA,CHFL,COVID19Death,vaccine,all,intermediate,2021-11-25_07-51-54,TRUE
202131,60 - 69,partially_vaccinated,0,4,30059,0,NA,CHFL,COVID19Death,vaccine,all,intermediate,2021-11-25_07-51-54,TRUE
202131,60 - 69,not_vaccinated,1,93,211775,0.47,NA,CHFL,COVID19Death,vaccine,all,intermediate,2021-11-25_07-51-54,TRUE
202131,60 - 69,unknown,0,75,NA,NA,NA,CHFL,COVID19Death,vaccine,all,intermediate,2021-11-25_07-51-54,TRUE
202131,70 - 79,fully_vaccinated,0,6,623590,0,NA,CHFL,COVID19Death,vaccine,all,intermediate,2021-11-25_07-51-54,TRUE
202131,70 - 79,partially_vaccinated,0,12,12133,0,NA,CHFL,COVID19Death,vaccine,all,intermediate,2021-11-25_07-51-54,TRUE
202131,70 - 79,not_vaccinated,0,151,104190,0,NA,CHFL,COVID19Death,vaccine,all,intermediate,2021-11-25_07-51-54,TRUE
202131,70 - 79,unknown,0,156,NA,NA,NA,CHFL,COVID19Death,vaccine,all,intermediate,2021-11-25_07-51-54,TRUE
202131,80+,fully_vaccinated,0,32,402352,0,NA,CHFL,COVID19Death,vaccine,all,intermediate,2021-11-25_07-51-54,TRUE
202131,80+,partially_vaccinated,0,57,5026,0,NA,CHFL,COVID19Death,vaccine,all,intermediate,2021-11-25_07-51-54,TRUE
202131,80+,not_vaccinated,1,330,52520,1.9,NA,CHFL,COVID19Death,vaccine,all,intermediate,2021-11-25_07-51-54,TRUE
202131,80+,unknown,0,388,NA,NA,NA,CHFL,COVID19Death,vaccine,all,intermediate,2021-11-25_07-51-54,TRUE
202131,Unbekannt,fully_vaccinated,0,0,NA,NA,NA,CHFL,COVID19Death,vaccine,all,intermediate,2021-11-25_07-51-54,TRUE
202131,Unbekannt,partially_vaccinated,0,0,NA,NA,NA,CHFL,COVID19Death,vaccine,all,intermediate,2021-11-25_07-51-54,TRUE
202131,Unbekannt,not_vaccinated,0,0,NA,NA,NA,CHFL,COVID19Death,vaccine,all,intermediate,2021-11-25_07-51-54,TRUE
202131,Unbekannt,unknown,0,0,NA,NA,NA,CHFL,COVID19Death,vaccine,all,intermediate,2021-11-25_07-51-54,TRUE
202132,0 - 9,fully_vaccinated,0,0,114,0,NA,CHFL,COVID19Death,vaccine,all,intermediate,2021-11-25_07-51-54,TRUE
202132,0 - 9,partially_vaccinated,0,0,56,0,NA,CHFL,COVID19Death,vaccine,all,intermediate,2021-11-25_07-51-54,TRUE
202132,0 - 9,not_vaccinated,0,0,880417,0,NA,CHFL,COVID19Death,vaccine,all,intermediate,2021-11-25_07-51-54,TRUE
202132,0 - 9,unknown,0,0,NA,NA,NA,CHFL,COVID19Death,vaccine,all,intermediate,2021-11-25_07-51-54,TRUE
202132,10 - 19,fully_vaccinated,0,0,143759,0,NA,CHFL,COVID19Death,vaccine,all,intermediate,2021-11-25_07-51-54,TRUE
202132,10 - 19,partially_vaccinated,0,0,48893,0,NA,CHFL,COVID19Death,vaccine,all,intermediate,2021-11-25_07-51-54,TRUE
202132,10 - 19,not_vaccinated,0,0,660723,0,NA,CHFL,COVID19Death,vaccine,all,intermediate,2021-11-25_07-51-54,TRUE
202132,10 - 19,unknown,0,1,NA,NA,NA,CHFL,COVID19Death,vaccine,all,intermediate,2021-11-25_07-51-54,TRUE
202132,20 - 29,fully_vaccinated,0,0,478678,0,NA,CHFL,COVID19Death,vaccine,all,intermediate,2021-11-25_07-51-54,TRUE
202132,20 - 29,partially_vaccinated,0,0,52900,0,NA,CHFL,COVID19Death,vaccine,all,intermediate,2021-11-25_07-51-54,TRUE
202132,20 - 29,not_vaccinated,0,0,511039,0,NA,CHFL,COVID19Death,vaccine,all,intermediate,2021-11-25_07-51-54,TRUE
202132,20 - 29,unknown,0,0,NA,NA,NA,CHFL,COVID19Death,vaccine,all,intermediate,2021-11-25_07-51-54,TRUE
202132,30 - 39,fully_vaccinated,0,0,630048,0,NA,CHFL,COVID19Death,vaccine,all,intermediate,2021-11-25_07-51-54,TRUE
202132,30 - 39,partially_vaccinated,0,0,59781,0,NA,CHFL,COVID19Death,vaccine,all,intermediate,2021-11-25_07-51-54,TRUE
202132,30 - 39,not_vaccinated,0,2,558411,0,NA,CHFL,COVID19Death,vaccine,all,intermediate,2021-11-25_07-51-54,TRUE
202132,30 - 39,unknown,0,0,NA,NA,NA,CHFL,COVID19Death,vaccine,all,intermediate,2021-11-25_07-51-54,TRUE
202132,40 - 49,fully_vaccinated,0,0,720244,0,NA,CHFL,COVID19Death,vaccine,all,intermediate,2021-11-25_07-51-54,TRUE
202132,40 - 49,partially_vaccinated,0,0,52447,0,NA,CHFL,COVID19Death,vaccine,all,intermediate,2021-11-25_07-51-54,TRUE
202132,40 - 49,not_vaccinated,0,8,434214,0,NA,CHFL,COVID19Death,vaccine,all,intermediate,2021-11-25_07-51-54,TRUE
202132,40 - 49,unknown,0,7,NA,NA,NA,CHFL,COVID19Death,vaccine,all,intermediate,2021-11-25_07-51-54,TRUE
202132,50 - 59,fully_vaccinated,0,2,870455,0,NA,CHFL,COVID19Death,vaccine,all,intermediate,2021-11-25_07-51-54,TRUE
202132,50 - 59,partially_vaccinated,0,2,49094,0,NA,CHFL,COVID19Death,vaccine,all,intermediate,2021-11-25_07-51-54,TRUE
202132,50 - 59,not_vaccinated,1,37,385994,0.26,NA,CHFL,COVID19Death,vaccine,all,intermediate,2021-11-25_07-51-54,TRUE
202132,50 - 59,unknown,0,22,NA,NA,NA,CHFL,COVID19Death,vaccine,all,intermediate,2021-11-25_07-51-54,TRUE
202132,60 - 69,fully_vaccinated,0,2,736903,0,NA,CHFL,COVID19Death,vaccine,all,intermediate,2021-11-25_07-51-54,TRUE
202132,60 - 69,partially_vaccinated,0,4,28255,0,NA,CHFL,COVID19Death,vaccine,all,intermediate,2021-11-25_07-51-54,TRUE
202132,60 - 69,not_vaccinated,0,93,207119,0,NA,CHFL,COVID19Death,vaccine,all,intermediate,2021-11-25_07-51-54,TRUE
202132,60 - 69,unknown,1,76,NA,NA,NA,CHFL,COVID19Death,vaccine,all,intermediate,2021-11-25_07-51-54,TRUE
202132,70 - 79,fully_vaccinated,0,6,626167,0,NA,CHFL,COVID19Death,vaccine,all,intermediate,2021-11-25_07-51-54,TRUE
202132,70 - 79,partially_vaccinated,0,12,11489,0,NA,CHFL,COVID19Death,vaccine,all,intermediate,2021-11-25_07-51-54,TRUE
202132,70 - 79,not_vaccinated,1,152,102257,0.98,NA,CHFL,COVID19Death,vaccine,all,intermediate,2021-11-25_07-51-54,TRUE
202132,70 - 79,unknown,1,157,NA,NA,NA,CHFL,COVID19Death,vaccine,all,intermediate,2021-11-25_07-51-54,TRUE
202132,80+,fully_vaccinated,4,36,403434,0.99,NA,CHFL,COVID19Death,vaccine,all,intermediate,2021-11-25_07-51-54,TRUE
202132,80+,partially_vaccinated,0,57,4799,0,NA,CHFL,COVID19Death,vaccine,all,intermediate,2021-11-25_07-51-54,TRUE
202132,80+,not_vaccinated,4,334,51665,7.74,NA,CHFL,COVID19Death,vaccine,all,intermediate,2021-11-25_07-51-54,TRUE
202132,80+,unknown,2,390,NA,NA,NA,CHFL,COVID19Death,vaccine,all,intermediate,2021-11-25_07-51-54,TRUE
202132,Unbekannt,fully_vaccinated,0,0,NA,NA,NA,CHFL,COVID19Death,vaccine,all,intermediate,2021-11-25_07-51-54,TRUE
202132,Unbekannt,partially_vaccinated,0,0,NA,NA,NA,CHFL,COVID19Death,vaccine,all,intermediate,2021-11-25_07-51-54,TRUE
202132,Unbekannt,not_vaccinated,0,0,NA,NA,NA,CHFL,COVID19Death,vaccine,all,intermediate,2021-11-25_07-51-54,TRUE
202132,Unbekannt,unknown,0,0,NA,NA,NA,CHFL,COVID19Death,vaccine,all,intermediate,2021-11-25_07-51-54,TRUE
202133,0 - 9,fully_vaccinated,0,0,115,0,NA,CHFL,COVID19Death,vaccine,all,intermediate,2021-11-25_07-51-54,TRUE
202133,0 - 9,partially_vaccinated,0,0,59,0,NA,CHFL,COVID19Death,vaccine,all,intermediate,2021-11-25_07-51-54,TRUE
202133,0 - 9,not_vaccinated,0,0,880413,0,NA,CHFL,COVID19Death,vaccine,all,intermediate,2021-11-25_07-51-54,TRUE
202133,0 - 9,unknown,0,0,NA,NA,NA,CHFL,COVID19Death,vaccine,all,intermediate,2021-11-25_07-51-54,TRUE
202133,10 - 19,fully_vaccinated,0,0,156758,0,NA,CHFL,COVID19Death,vaccine,all,intermediate,2021-11-25_07-51-54,TRUE
202133,10 - 19,partially_vaccinated,0,0,51140,0,NA,CHFL,COVID19Death,vaccine,all,intermediate,2021-11-25_07-51-54,TRUE
202133,10 - 19,not_vaccinated,0,0,645477,0,NA,CHFL,COVID19Death,vaccine,all,intermediate,2021-11-25_07-51-54,TRUE
202133,10 - 19,unknown,0,1,NA,NA,NA,CHFL,COVID19Death,vaccine,all,intermediate,2021-11-25_07-51-54,TRUE
202133,20 - 29,fully_vaccinated,0,0,492573,0,NA,CHFL,COVID19Death,vaccine,all,intermediate,2021-11-25_07-51-54,TRUE
202133,20 - 29,partially_vaccinated,0,0,50485,0,NA,CHFL,COVID19Death,vaccine,all,intermediate,2021-11-25_07-51-54,TRUE
202133,20 - 29,not_vaccinated,0,0,499559,0,NA,CHFL,COVID19Death,vaccine,all,intermediate,2021-11-25_07-51-54,TRUE
202133,20 - 29,unknown,0,0,NA,NA,NA,CHFL,COVID19Death,vaccine,all,intermediate,2021-11-25_07-51-54,TRUE
202133,30 - 39,fully_vaccinated,0,0,645259,0,NA,CHFL,COVID19Death,vaccine,all,intermediate,2021-11-25_07-51-54,TRUE
202133,30 - 39,partially_vaccinated,0,0,58939,0,NA,CHFL,COVID19Death,vaccine,all,intermediate,2021-11-25_07-51-54,TRUE
202133,30 - 39,not_vaccinated,1,3,544042,0.18,NA,CHFL,COVID19Death,vaccine,all,intermediate,2021-11-25_07-51-54,TRUE
202133,30 - 39,unknown,0,0,NA,NA,NA,CHFL,COVID19Death,vaccine,all,intermediate,2021-11-25_07-51-54,TRUE
202133,40 - 49,fully_vaccinated,0,0,733417,0,NA,CHFL,COVID19Death,vaccine,all,intermediate,2021-11-25_07-51-54,TRUE
202133,40 - 49,partially_vaccinated,0,0,52195,0,NA,CHFL,COVID19Death,vaccine,all,intermediate,2021-11-25_07-51-54,TRUE
202133,40 - 49,not_vaccinated,0,8,421293,0,NA,CHFL,COVID19Death,vaccine,all,intermediate,2021-11-25_07-51-54,TRUE
202133,40 - 49,unknown,0,7,NA,NA,NA,CHFL,COVID19Death,vaccine,all,intermediate,2021-11-25_07-51-54,TRUE
202133,50 - 59,fully_vaccinated,0,2,882595,0,NA,CHFL,COVID19Death,vaccine,all,intermediate,2021-11-25_07-51-54,TRUE
202133,50 - 59,partially_vaccinated,0,2,47663,0,NA,CHFL,COVID19Death,vaccine,all,intermediate,2021-11-25_07-51-54,TRUE
202133,50 - 59,not_vaccinated,1,38,375285,0.27,NA,CHFL,COVID19Death,vaccine,all,intermediate,2021-11-25_07-51-54,TRUE
202133,50 - 59,unknown,0,22,NA,NA,NA,CHFL,COVID19Death,vaccine,all,intermediate,2021-11-25_07-51-54,TRUE
202133,60 - 69,fully_vaccinated,1,3,743594,0.13,NA,CHFL,COVID19Death,vaccine,all,intermediate,2021-11-25_07-51-54,TRUE
202133,60 - 69,partially_vaccinated,0,4,27102,0,NA,CHFL,COVID19Death,vaccine,all,intermediate,2021-11-25_07-51-54,TRUE
202133,60 - 69,not_vaccinated,0,93,201581,0,NA,CHFL,COVID19Death,vaccine,all,intermediate,2021-11-25_07-51-54,TRUE
202133,60 - 69,unknown,0,76,NA,NA,NA,CHFL,COVID19Death,vaccine,all,intermediate,2021-11-25_07-51-54,TRUE
202133,70 - 79,fully_vaccinated,4,10,628775,0.64,NA,CHFL,COVID19Death,vaccine,all,intermediate,2021-11-25_07-51-54,TRUE
202133,70 - 79,partially_vaccinated,0,12,11178,0,NA,CHFL,COVID19Death,vaccine,all,intermediate,2021-11-25_07-51-54,TRUE
202133,70 - 79,not_vaccinated,5,157,99960,5,NA,CHFL,COVID19Death,vaccine,all,intermediate,2021-11-25_07-51-54,TRUE
202133,70 - 79,unknown,0,157,NA,NA,NA,CHFL,COVID19Death,vaccine,all,intermediate,2021-11-25_07-51-54,TRUE
202133,80+,fully_vaccinated,4,40,404622,0.99,NA,CHFL,COVID19Death,vaccine,all,intermediate,2021-11-25_07-51-54,TRUE
202133,80+,partially_vaccinated,0,57,4711,0,NA,CHFL,COVID19Death,vaccine,all,intermediate,2021-11-25_07-51-54,TRUE
202133,80+,not_vaccinated,6,340,50565,11.87,NA,CHFL,COVID19Death,vaccine,all,intermediate,2021-11-25_07-51-54,TRUE
202133,80+,unknown,3,393,NA,NA,NA,CHFL,COVID19Death,vaccine,all,intermediate,2021-11-25_07-51-54,TRUE
202133,Unbekannt,fully_vaccinated,0,0,NA,NA,NA,CHFL,COVID19Death,vaccine,all,intermediate,2021-11-25_07-51-54,TRUE
202133,Unbekannt,partially_vaccinated,0,0,NA,NA,NA,CHFL,COVID19Death,vaccine,all,intermediate,2021-11-25_07-51-54,TRUE
202133,Unbekannt,not_vaccinated,0,0,NA,NA,NA,CHFL,COVID19Death,vaccine,all,intermediate,2021-11-25_07-51-54,TRUE
202133,Unbekannt,unknown,0,0,NA,NA,NA,CHFL,COVID19Death,vaccine,all,intermediate,2021-11-25_07-51-54,TRUE
202134,0 - 9,fully_vaccinated,0,0,118,0,NA,CHFL,COVID19Death,vaccine,all,intermediate,2021-11-25_07-51-54,TRUE
202134,0 - 9,partially_vaccinated,0,0,60,0,NA,CHFL,COVID19Death,vaccine,all,intermediate,2021-11-25_07-51-54,TRUE
202134,0 - 9,not_vaccinated,0,0,880409,0,NA,CHFL,COVID19Death,vaccine,all,intermediate,2021-11-25_07-51-54,TRUE
202134,0 - 9,unknown,0,0,NA,NA,NA,CHFL,COVID19Death,vaccine,all,intermediate,2021-11-25_07-51-54,TRUE
202134,10 - 19,fully_vaccinated,0,0,168497,0,NA,CHFL,COVID19Death,vaccine,all,intermediate,2021-11-25_07-51-54,TRUE
202134,10 - 19,partially_vaccinated,0,0,57843,0,NA,CHFL,COVID19Death,vaccine,all,intermediate,2021-11-25_07-51-54,TRUE
202134,10 - 19,not_vaccinated,0,0,627035,0,NA,CHFL,COVID19Death,vaccine,all,intermediate,2021-11-25_07-51-54,TRUE
202134,10 - 19,unknown,0,1,NA,NA,NA,CHFL,COVID19Death,vaccine,all,intermediate,2021-11-25_07-51-54,TRUE
202134,20 - 29,fully_vaccinated,0,0,505472,0,NA,CHFL,COVID19Death,vaccine,all,intermediate,2021-11-25_07-51-54,TRUE
202134,20 - 29,partially_vaccinated,0,0,51756,0,NA,CHFL,COVID19Death,vaccine,all,intermediate,2021-11-25_07-51-54,TRUE
202134,20 - 29,not_vaccinated,0,0,485389,0,NA,CHFL,COVID19Death,vaccine,all,intermediate,2021-11-25_07-51-54,TRUE
202134,20 - 29,unknown,0,0,NA,NA,NA,CHFL,COVID19Death,vaccine,all,intermediate,2021-11-25_07-51-54,TRUE
202134,30 - 39,fully_vaccinated,0,0,660341,0,NA,CHFL,COVID19Death,vaccine,all,intermediate,2021-11-25_07-51-54,TRUE
202134,30 - 39,partially_vaccinated,0,0,62725,0,NA,CHFL,COVID19Death,vaccine,all,intermediate,2021-11-25_07-51-54,TRUE
202134,30 - 39,not_vaccinated,0,3,525174,0,NA,CHFL,COVID19Death,vaccine,all,intermediate,2021-11-25_07-51-54,TRUE
202134,30 - 39,unknown,0,0,NA,NA,NA,CHFL,COVID19Death,vaccine,all,intermediate,2021-11-25_07-51-54,TRUE
202134,40 - 49,fully_vaccinated,0,0,746593,0,NA,CHFL,COVID19Death,vaccine,all,intermediate,2021-11-25_07-51-54,TRUE
202134,40 - 49,partially_vaccinated,0,0,55761,0,NA,CHFL,COVID19Death,vaccine,all,intermediate,2021-11-25_07-51-54,TRUE
202134,40 - 49,not_vaccinated,1,9,404551,0.25,NA,CHFL,COVID19Death,vaccine,all,intermediate,2021-11-25_07-51-54,TRUE
202134,40 - 49,unknown,0,7,NA,NA,NA,CHFL,COVID19Death,vaccine,all,intermediate,2021-11-25_07-51-54,TRUE
202134,50 - 59,fully_vaccinated,0,2,894598,0,NA,CHFL,COVID19Death,vaccine,all,intermediate,2021-11-25_07-51-54,TRUE
202134,50 - 59,partially_vaccinated,0,2,49450,0,NA,CHFL,COVID19Death,vaccine,all,intermediate,2021-11-25_07-51-54,TRUE
202134,50 - 59,not_vaccinated,4,42,361495,1.11,NA,CHFL,COVID19Death,vaccine,all,intermediate,2021-11-25_07-51-54,TRUE
202134,50 - 59,unknown,0,22,NA,NA,NA,CHFL,COVID19Death,vaccine,all,intermediate,2021-11-25_07-51-54,TRUE
202134,60 - 69,fully_vaccinated,1,4,750109,0.13,NA,CHFL,COVID19Death,vaccine,all,intermediate,2021-11-25_07-51-54,TRUE
202134,60 - 69,partially_vaccinated,0,4,27733,0,NA,CHFL,COVID19Death,vaccine,all,intermediate,2021-11-25_07-51-54,TRUE
202134,60 - 69,not_vaccinated,5,98,194435,2.57,NA,CHFL,COVID19Death,vaccine,all,intermediate,2021-11-25_07-51-54,TRUE
202134,60 - 69,unknown,1,77,NA,NA,NA,CHFL,COVID19Death,vaccine,all,intermediate,2021-11-25_07-51-54,TRUE
202134,70 - 79,fully_vaccinated,2,12,631361,0.32,NA,CHFL,COVID19Death,vaccine,all,intermediate,2021-11-25_07-51-54,TRUE
202134,70 - 79,partially_vaccinated,0,12,11459,0,NA,CHFL,COVID19Death,vaccine,all,intermediate,2021-11-25_07-51-54,TRUE
202134,70 - 79,not_vaccinated,3,160,97093,3.09,NA,CHFL,COVID19Death,vaccine,all,intermediate,2021-11-25_07-51-54,TRUE
202134,70 - 79,unknown,3,160,NA,NA,NA,CHFL,COVID19Death,vaccine,all,intermediate,2021-11-25_07-51-54,TRUE
202134,80+,fully_vaccinated,3,43,405722,0.74,NA,CHFL,COVID19Death,vaccine,all,intermediate,2021-11-25_07-51-54,TRUE
202134,80+,partially_vaccinated,0,57,4977,0,NA,CHFL,COVID19Death,vaccine,all,intermediate,2021-11-25_07-51-54,TRUE
202134,80+,not_vaccinated,15,355,49199,30.49,NA,CHFL,COVID19Death,vaccine,all,intermediate,2021-11-25_07-51-54,TRUE
202134,80+,unknown,4,397,NA,NA,NA,CHFL,COVID19Death,vaccine,all,intermediate,2021-11-25_07-51-54,TRUE
202134,Unbekannt,fully_vaccinated,0,0,NA,NA,NA,CHFL,COVID19Death,vaccine,all,intermediate,2021-11-25_07-51-54,TRUE
202134,Unbekannt,partially_vaccinated,0,0,NA,NA,NA,CHFL,COVID19Death,vaccine,all,intermediate,2021-11-25_07-51-54,TRUE
202134,Unbekannt,not_vaccinated,0,0,NA,NA,NA,CHFL,COVID19Death,vaccine,all,intermediate,2021-11-25_07-51-54,TRUE
202134,Unbekannt,unknown,0,0,NA,NA,NA,CHFL,COVID19Death,vaccine,all,intermediate,2021-11-25_07-51-54,TRUE
202135,0 - 9,fully_vaccinated,0,0,123,0,NA,CHFL,COVID19Death,vaccine,all,intermediate,2021-11-25_07-51-54,TRUE
202135,0 - 9,partially_vaccinated,0,0,61,0,NA,CHFL,COVID19Death,vaccine,all,intermediate,2021-11-25_07-51-54,TRUE
202135,0 - 9,not_vaccinated,0,0,880403,0,NA,CHFL,COVID19Death,vaccine,all,intermediate,2021-11-25_07-51-54,TRUE
202135,0 - 9,unknown,0,0,NA,NA,NA,CHFL,COVID19Death,vaccine,all,intermediate,2021-11-25_07-51-54,TRUE
202135,10 - 19,fully_vaccinated,0,0,179499,0,NA,CHFL,COVID19Death,vaccine,all,intermediate,2021-11-25_07-51-54,TRUE
202135,10 - 19,partially_vaccinated,0,0,67368,0,NA,CHFL,COVID19Death,vaccine,all,intermediate,2021-11-25_07-51-54,TRUE
202135,10 - 19,not_vaccinated,0,0,606508,0,NA,CHFL,COVID19Death,vaccine,all,intermediate,2021-11-25_07-51-54,TRUE
202135,10 - 19,unknown,0,1,NA,NA,NA,CHFL,COVID19Death,vaccine,all,intermediate,2021-11-25_07-51-54,TRUE
202135,20 - 29,fully_vaccinated,0,0,516079,0,NA,CHFL,COVID19Death,vaccine,all,intermediate,2021-11-25_07-51-54,TRUE
202135,20 - 29,partially_vaccinated,0,0,57881,0,NA,CHFL,COVID19Death,vaccine,all,intermediate,2021-11-25_07-51-54,TRUE
202135,20 - 29,not_vaccinated,0,0,468657,0,NA,CHFL,COVID19Death,vaccine,all,intermediate,2021-11-25_07-51-54,TRUE
202135,20 - 29,unknown,0,0,NA,NA,NA,CHFL,COVID19Death,vaccine,all,intermediate,2021-11-25_07-51-54,TRUE
202135,30 - 39,fully_vaccinated,0,0,672745,0,NA,CHFL,COVID19Death,vaccine,all,intermediate,2021-11-25_07-51-54,TRUE
202135,30 - 39,partially_vaccinated,0,0,71038,0,NA,CHFL,COVID19Death,vaccine,all,intermediate,2021-11-25_07-51-54,TRUE
202135,30 - 39,not_vaccinated,1,4,504457,0.2,NA,CHFL,COVID19Death,vaccine,all,intermediate,2021-11-25_07-51-54,TRUE
202135,30 - 39,unknown,0,0,NA,NA,NA,CHFL,COVID19Death,vaccine,all,intermediate,2021-11-25_07-51-54,TRUE
202135,40 - 49,fully_vaccinated,0,0,757325,0,NA,CHFL,COVID19Death,vaccine,all,intermediate,2021-11-25_07-51-54,TRUE
202135,40 - 49,partially_vaccinated,0,0,62816,0,NA,CHFL,COVID19Death,vaccine,all,intermediate,2021-11-25_07-51-54,TRUE
202135,40 - 49,not_vaccinated,2,11,386764,0.52,NA,CHFL,COVID19Death,vaccine,all,intermediate,2021-11-25_07-51-54,TRUE
202135,40 - 49,unknown,0,7,NA,NA,NA,CHFL,COVID19Death,vaccine,all,intermediate,2021-11-25_07-51-54,TRUE
202135,50 - 59,fully_vaccinated,0,2,903962,0,NA,CHFL,COVID19Death,vaccine,all,intermediate,2021-11-25_07-51-54,TRUE
202135,50 - 59,partially_vaccinated,0,2,54746,0,NA,CHFL,COVID19Death,vaccine,all,intermediate,2021-11-25_07-51-54,TRUE
202135,50 - 59,not_vaccinated,2,44,346835,0.58,NA,CHFL,COVID19Death,vaccine,all,intermediate,2021-11-25_07-51-54,TRUE
202135,50 - 59,unknown,0,22,NA,NA,NA,CHFL,COVID19Death,vaccine,all,intermediate,2021-11-25_07-51-54,TRUE
202135,60 - 69,fully_vaccinated,1,5,755189,0.13,NA,CHFL,COVID19Death,vaccine,all,intermediate,2021-11-25_07-51-54,TRUE
202135,60 - 69,partially_vaccinated,0,4,30460,0,NA,CHFL,COVID19Death,vaccine,all,intermediate,2021-11-25_07-51-54,TRUE
202135,60 - 69,not_vaccinated,5,103,186628,2.68,NA,CHFL,COVID19Death,vaccine,all,intermediate,2021-11-25_07-51-54,TRUE
202135,60 - 69,unknown,0,77,NA,NA,NA,CHFL,COVID19Death,vaccine,all,intermediate,2021-11-25_07-51-54,TRUE
202135,70 - 79,fully_vaccinated,4,16,633309,0.63,NA,CHFL,COVID19Death,vaccine,all,intermediate,2021-11-25_07-51-54,TRUE
202135,70 - 79,partially_vaccinated,0,12,12862,0,NA,CHFL,COVID19Death,vaccine,all,intermediate,2021-11-25_07-51-54,TRUE
202135,70 - 79,not_vaccinated,10,170,93742,10.67,NA,CHFL,COVID19Death,vaccine,all,intermediate,2021-11-25_07-51-54,TRUE
202135,70 - 79,unknown,2,162,NA,NA,NA,CHFL,COVID19Death,vaccine,all,intermediate,2021-11-25_07-51-54,TRUE
202135,80+,fully_vaccinated,10,53,406551,2.46,NA,CHFL,COVID19Death,vaccine,all,intermediate,2021-11-25_07-51-54,TRUE
202135,80+,partially_vaccinated,0,57,5684,0,NA,CHFL,COVID19Death,vaccine,all,intermediate,2021-11-25_07-51-54,TRUE
202135,80+,not_vaccinated,11,366,47663,23.08,NA,CHFL,COVID19Death,vaccine,all,intermediate,2021-11-25_07-51-54,TRUE
202135,80+,unknown,4,401,NA,NA,NA,CHFL,COVID19Death,vaccine,all,intermediate,2021-11-25_07-51-54,TRUE
202135,Unbekannt,fully_vaccinated,0,0,NA,NA,NA,CHFL,COVID19Death,vaccine,all,intermediate,2021-11-25_07-51-54,TRUE
202135,Unbekannt,partially_vaccinated,0,0,NA,NA,NA,CHFL,COVID19Death,vaccine,all,intermediate,2021-11-25_07-51-54,TRUE
202135,Unbekannt,not_vaccinated,0,0,NA,NA,NA,CHFL,COVID19Death,vaccine,all,intermediate,2021-11-25_07-51-54,TRUE
202135,Unbekannt,unknown,0,0,NA,NA,NA,CHFL,COVID19Death,vaccine,all,intermediate,2021-11-25_07-51-54,TRUE
202136,0 - 9,fully_vaccinated,0,0,124,0,NA,CHFL,COVID19Death,vaccine,all,intermediate,2021-11-25_07-51-54,TRUE
202136,0 - 9,partially_vaccinated,0,0,66,0,NA,CHFL,COVID19Death,vaccine,all,intermediate,2021-11-25_07-51-54,TRUE
202136,0 - 9,not_vaccinated,0,0,880397,0,NA,CHFL,COVID19Death,vaccine,all,intermediate,2021-11-25_07-51-54,TRUE
202136,0 - 9,unknown,0,0,NA,NA,NA,CHFL,COVID19Death,vaccine,all,intermediate,2021-11-25_07-51-54,TRUE
202136,10 - 19,fully_vaccinated,0,0,193220,0,NA,CHFL,COVID19Death,vaccine,all,intermediate,2021-11-25_07-51-54,TRUE
202136,10 - 19,partially_vaccinated,0,0,77383,0,NA,CHFL,COVID19Death,vaccine,all,intermediate,2021-11-25_07-51-54,TRUE
202136,10 - 19,not_vaccinated,0,0,582772,0,NA,CHFL,COVID19Death,vaccine,all,intermediate,2021-11-25_07-51-54,TRUE
202136,10 - 19,unknown,0,1,NA,NA,NA,CHFL,COVID19Death,vaccine,all,intermediate,2021-11-25_07-51-54,TRUE
202136,20 - 29,fully_vaccinated,0,0,528876,0,NA,CHFL,COVID19Death,vaccine,all,intermediate,2021-11-25_07-51-54,TRUE
202136,20 - 29,partially_vaccinated,0,0,70581,0,NA,CHFL,COVID19Death,vaccine,all,intermediate,2021-11-25_07-51-54,TRUE
202136,20 - 29,not_vaccinated,0,0,443160,0,NA,CHFL,COVID19Death,vaccine,all,intermediate,2021-11-25_07-51-54,TRUE
202136,20 - 29,unknown,0,0,NA,NA,NA,CHFL,COVID19Death,vaccine,all,intermediate,2021-11-25_07-51-54,TRUE
202136,30 - 39,fully_vaccinated,0,0,687108,0,NA,CHFL,COVID19Death,vaccine,all,intermediate,2021-11-25_07-51-54,TRUE
202136,30 - 39,partially_vaccinated,0,0,84381,0,NA,CHFL,COVID19Death,vaccine,all,intermediate,2021-11-25_07-51-54,TRUE
202136,30 - 39,not_vaccinated,0,4,476751,0,NA,CHFL,COVID19Death,vaccine,all,intermediate,2021-11-25_07-51-54,TRUE
202136,30 - 39,unknown,0,0,NA,NA,NA,CHFL,COVID19Death,vaccine,all,intermediate,2021-11-25_07-51-54,TRUE
202136,40 - 49,fully_vaccinated,0,0,769943,0,NA,CHFL,COVID19Death,vaccine,all,intermediate,2021-11-25_07-51-54,TRUE
202136,40 - 49,partially_vaccinated,0,0,72601,0,NA,CHFL,COVID19Death,vaccine,all,intermediate,2021-11-25_07-51-54,TRUE
202136,40 - 49,not_vaccinated,1,12,364361,0.27,NA,CHFL,COVID19Death,vaccine,all,intermediate,2021-11-25_07-51-54,TRUE
202136,40 - 49,unknown,0,7,NA,NA,NA,CHFL,COVID19Death,vaccine,all,intermediate,2021-11-25_07-51-54,TRUE
202136,50 - 59,fully_vaccinated,1,3,914704,0.11,NA,CHFL,COVID19Death,vaccine,all,intermediate,2021-11-25_07-51-54,TRUE
202136,50 - 59,partially_vaccinated,0,2,62623,0,NA,CHFL,COVID19Death,vaccine,all,intermediate,2021-11-25_07-51-54,TRUE
202136,50 - 59,not_vaccinated,4,48,328216,1.22,NA,CHFL,COVID19Death,vaccine,all,intermediate,2021-11-25_07-51-54,TRUE
202136,50 - 59,unknown,1,23,NA,NA,NA,CHFL,COVID19Death,vaccine,all,intermediate,2021-11-25_07-51-54,TRUE
202136,60 - 69,fully_vaccinated,0,5,760608,0,NA,CHFL,COVID19Death,vaccine,all,intermediate,2021-11-25_07-51-54,TRUE
202136,60 - 69,partially_vaccinated,0,4,34616,0,NA,CHFL,COVID19Death,vaccine,all,intermediate,2021-11-25_07-51-54,TRUE
202136,60 - 69,not_vaccinated,9,112,177053,5.08,NA,CHFL,COVID19Death,vaccine,all,intermediate,2021-11-25_07-51-54,TRUE
202136,60 - 69,unknown,1,78,NA,NA,NA,CHFL,COVID19Death,vaccine,all,intermediate,2021-11-25_07-51-54,TRUE
202136,70 - 79,fully_vaccinated,1,17,635445,0.16,NA,CHFL,COVID19Death,vaccine,all,intermediate,2021-11-25_07-51-54,TRUE
202136,70 - 79,partially_vaccinated,0,12,14827,0,NA,CHFL,COVID19Death,vaccine,all,intermediate,2021-11-25_07-51-54,TRUE
202136,70 - 79,not_vaccinated,4,174,89641,4.46,NA,CHFL,COVID19Death,vaccine,all,intermediate,2021-11-25_07-51-54,TRUE
202136,70 - 79,unknown,1,163,NA,NA,NA,CHFL,COVID19Death,vaccine,all,intermediate,2021-11-25_07-51-54,TRUE
202136,80+,fully_vaccinated,13,66,407441,3.19,NA,CHFL,COVID19Death,vaccine,all,intermediate,2021-11-25_07-51-54,TRUE
202136,80+,partially_vaccinated,0,57,6887,0,NA,CHFL,COVID19Death,vaccine,all,intermediate,2021-11-25_07-51-54,TRUE
202136,80+,not_vaccinated,10,376,45570,21.94,NA,CHFL,COVID19Death,vaccine,all,intermediate,2021-11-25_07-51-54,TRUE
202136,80+,unknown,8,409,NA,NA,NA,CHFL,COVID19Death,vaccine,all,intermediate,2021-11-25_07-51-54,TRUE
202136,Unbekannt,fully_vaccinated,0,0,NA,NA,NA,CHFL,COVID19Death,vaccine,all,intermediate,2021-11-25_07-51-54,TRUE
202136,Unbekannt,partially_vaccinated,0,0,NA,NA,NA,CHFL,COVID19Death,vaccine,all,intermediate,2021-11-25_07-51-54,TRUE
202136,Unbekannt,not_vaccinated,0,0,NA,NA,NA,CHFL,COVID19Death,vaccine,all,intermediate,2021-11-25_07-51-54,TRUE
202136,Unbekannt,unknown,0,0,NA,NA,NA,CHFL,COVID19Death,vaccine,all,intermediate,2021-11-25_07-51-54,TRUE
202137,0 - 9,fully_vaccinated,0,0,130,0,NA,CHFL,COVID19Death,vaccine,all,intermediate,2021-11-25_07-51-54,TRUE
202137,0 - 9,partially_vaccinated,0,0,68,0,NA,CHFL,COVID19Death,vaccine,all,intermediate,2021-11-25_07-51-54,TRUE
202137,0 - 9,not_vaccinated,0,0,880389,0,NA,CHFL,COVID19Death,vaccine,all,intermediate,2021-11-25_07-51-54,TRUE
202137,0 - 9,unknown,0,0,NA,NA,NA,CHFL,COVID19Death,vaccine,all,intermediate,2021-11-25_07-51-54,TRUE
202137,10 - 19,fully_vaccinated,0,0,210739,0,NA,CHFL,COVID19Death,vaccine,all,intermediate,2021-11-25_07-51-54,TRUE
202137,10 - 19,partially_vaccinated,0,0,85313,0,NA,CHFL,COVID19Death,vaccine,all,intermediate,2021-11-25_07-51-54,TRUE
202137,10 - 19,not_vaccinated,0,0,557323,0,NA,CHFL,COVID19Death,vaccine,all,intermediate,2021-11-25_07-51-54,TRUE
202137,10 - 19,unknown,0,1,NA,NA,NA,CHFL,COVID19Death,vaccine,all,intermediate,2021-11-25_07-51-54,TRUE
202137,20 - 29,fully_vaccinated,0,0,544626,0,NA,CHFL,COVID19Death,vaccine,all,intermediate,2021-11-25_07-51-54,TRUE
202137,20 - 29,partially_vaccinated,0,0,88297,0,NA,CHFL,COVID19Death,vaccine,all,intermediate,2021-11-25_07-51-54,TRUE
202137,20 - 29,not_vaccinated,0,0,409694,0,NA,CHFL,COVID19Death,vaccine,all,intermediate,2021-11-25_07-51-54,TRUE
202137,20 - 29,unknown,0,0,NA,NA,NA,CHFL,COVID19Death,vaccine,all,intermediate,2021-11-25_07-51-54,TRUE
202137,30 - 39,fully_vaccinated,0,0,704689,0,NA,CHFL,COVID19Death,vaccine,all,intermediate,2021-11-25_07-51-54,TRUE
202137,30 - 39,partially_vaccinated,0,0,98246,0,NA,CHFL,COVID19Death,vaccine,all,intermediate,2021-11-25_07-51-54,TRUE
202137,30 - 39,not_vaccinated,1,5,445305,0.22,NA,CHFL,COVID19Death,vaccine,all,intermediate,2021-11-25_07-51-54,TRUE
202137,30 - 39,unknown,0,0,NA,NA,NA,CHFL,COVID19Death,vaccine,all,intermediate,2021-11-25_07-51-54,TRUE
202137,40 - 49,fully_vaccinated,0,0,785092,0,NA,CHFL,COVID19Death,vaccine,all,intermediate,2021-11-25_07-51-54,TRUE
202137,40 - 49,partially_vaccinated,0,0,81088,0,NA,CHFL,COVID19Death,vaccine,all,intermediate,2021-11-25_07-51-54,TRUE
202137,40 - 49,not_vaccinated,1,13,340725,0.29,NA,CHFL,COVID19Death,vaccine,all,intermediate,2021-11-25_07-51-54,TRUE
202137,40 - 49,unknown,0,7,NA,NA,NA,CHFL,COVID19Death,vaccine,all,intermediate,2021-11-25_07-51-54,TRUE
202137,50 - 59,fully_vaccinated,0,3,927372,0,NA,CHFL,COVID19Death,vaccine,all,intermediate,2021-11-25_07-51-54,TRUE
202137,50 - 59,partially_vaccinated,0,2,69679,0,NA,CHFL,COVID19Death,vaccine,all,intermediate,2021-11-25_07-51-54,TRUE
202137,50 - 59,not_vaccinated,2,50,308492,0.65,NA,CHFL,COVID19Death,vaccine,all,intermediate,2021-11-25_07-51-54,TRUE
202137,50 - 59,unknown,0,23,NA,NA,NA,CHFL,COVID19Death,vaccine,all,intermediate,2021-11-25_07-51-54,TRUE
202137,60 - 69,fully_vaccinated,2,7,766889,0.26,NA,CHFL,COVID19Death,vaccine,all,intermediate,2021-11-25_07-51-54,TRUE
202137,60 - 69,partially_vaccinated,0,4,38254,0,NA,CHFL,COVID19Death,vaccine,all,intermediate,2021-11-25_07-51-54,TRUE
202137,60 - 69,not_vaccinated,4,116,167134,2.39,NA,CHFL,COVID19Death,vaccine,all,intermediate,2021-11-25_07-51-54,TRUE
202137,60 - 69,unknown,0,78,NA,NA,NA,CHFL,COVID19Death,vaccine,all,intermediate,2021-11-25_07-51-54,TRUE
202137,70 - 79,fully_vaccinated,3,20,638050,0.47,NA,CHFL,COVID19Death,vaccine,all,intermediate,2021-11-25_07-51-54,TRUE
202137,70 - 79,partially_vaccinated,0,12,16765,0,NA,CHFL,COVID19Death,vaccine,all,intermediate,2021-11-25_07-51-54,TRUE
202137,70 - 79,not_vaccinated,4,178,85098,4.7,NA,CHFL,COVID19Death,vaccine,all,intermediate,2021-11-25_07-51-54,TRUE
202137,70 - 79,unknown,2,165,NA,NA,NA,CHFL,COVID19Death,vaccine,all,intermediate,2021-11-25_07-51-54,TRUE
202137,80+,fully_vaccinated,10,76,408694,2.45,NA,CHFL,COVID19Death,vaccine,all,intermediate,2021-11-25_07-51-54,TRUE
202137,80+,partially_vaccinated,0,57,8235,0,NA,CHFL,COVID19Death,vaccine,all,intermediate,2021-11-25_07-51-54,TRUE
202137,80+,not_vaccinated,11,387,42969,25.6,NA,CHFL,COVID19Death,vaccine,all,intermediate,2021-11-25_07-51-54,TRUE
202137,80+,unknown,2,411,NA,NA,NA,CHFL,COVID19Death,vaccine,all,intermediate,2021-11-25_07-51-54,TRUE
202137,Unbekannt,fully_vaccinated,0,0,NA,NA,NA,CHFL,COVID19Death,vaccine,all,intermediate,2021-11-25_07-51-54,TRUE
202137,Unbekannt,partially_vaccinated,0,0,NA,NA,NA,CHFL,COVID19Death,vaccine,all,intermediate,2021-11-25_07-51-54,TRUE
202137,Unbekannt,not_vaccinated,0,0,NA,NA,NA,CHFL,COVID19Death,vaccine,all,intermediate,2021-11-25_07-51-54,TRUE
202137,Unbekannt,unknown,0,0,NA,NA,NA,CHFL,COVID19Death,vaccine,all,intermediate,2021-11-25_07-51-54,TRUE
202138,0 - 9,fully_vaccinated,0,0,131,0,NA,CHFL,COVID19Death,vaccine,all,intermediate,2021-11-25_07-51-54,TRUE
202138,0 - 9,partially_vaccinated,0,0,71,0,NA,CHFL,COVID19Death,vaccine,all,intermediate,2021-11-25_07-51-54,TRUE
202138,0 - 9,not_vaccinated,0,0,880385,0,NA,CHFL,COVID19Death,vaccine,all,intermediate,2021-11-25_07-51-54,TRUE
202138,0 - 9,unknown,0,0,NA,NA,NA,CHFL,COVID19Death,vaccine,all,intermediate,2021-11-25_07-51-54,TRUE
202138,10 - 19,fully_vaccinated,0,0,229730,0,NA,CHFL,COVID19Death,vaccine,all,intermediate,2021-11-25_07-51-54,TRUE
202138,10 - 19,partially_vaccinated,0,0,85473,0,NA,CHFL,COVID19Death,vaccine,all,intermediate,2021-11-25_07-51-54,TRUE
202138,10 - 19,not_vaccinated,0,0,538172,0,NA,CHFL,COVID19Death,vaccine,all,intermediate,2021-11-25_07-51-54,TRUE
202138,10 - 19,unknown,0,1,NA,NA,NA,CHFL,COVID19Death,vaccine,all,intermediate,2021-11-25_07-51-54,TRUE
202138,20 - 29,fully_vaccinated,1,1,560298,0.18,NA,CHFL,COVID19Death,vaccine,all,intermediate,2021-11-25_07-51-54,TRUE
202138,20 - 29,partially_vaccinated,0,0,96237,0,NA,CHFL,COVID19Death,vaccine,all,intermediate,2021-11-25_07-51-54,TRUE
202138,20 - 29,not_vaccinated,0,0,386082,0,NA,CHFL,COVID19Death,vaccine,all,intermediate,2021-11-25_07-51-54,TRUE
202138,20 - 29,unknown,0,0,NA,NA,NA,CHFL,COVID19Death,vaccine,all,intermediate,2021-11-25_07-51-54,TRUE
202138,30 - 39,fully_vaccinated,0,0,724290,0,NA,CHFL,COVID19Death,vaccine,all,intermediate,2021-11-25_07-51-54,TRUE
202138,30 - 39,partially_vaccinated,0,0,102498,0,NA,CHFL,COVID19Death,vaccine,all,intermediate,2021-11-25_07-51-54,TRUE
202138,30 - 39,not_vaccinated,0,5,421452,0,NA,CHFL,COVID19Death,vaccine,all,intermediate,2021-11-25_07-51-54,TRUE
202138,30 - 39,unknown,0,0,NA,NA,NA,CHFL,COVID19Death,vaccine,all,intermediate,2021-11-25_07-51-54,TRUE
202138,40 - 49,fully_vaccinated,0,0,802020,0,NA,CHFL,COVID19Death,vaccine,all,intermediate,2021-11-25_07-51-54,TRUE
202138,40 - 49,partially_vaccinated,0,0,81679,0,NA,CHFL,COVID19Death,vaccine,all,intermediate,2021-11-25_07-51-54,TRUE
202138,40 - 49,not_vaccinated,0,13,323206,0,NA,CHFL,COVID19Death,vaccine,all,intermediate,2021-11-25_07-51-54,TRUE
202138,40 - 49,unknown,0,7,NA,NA,NA,CHFL,COVID19Death,vaccine,all,intermediate,2021-11-25_07-51-54,TRUE
202138,50 - 59,fully_vaccinated,1,4,941299,0.11,NA,CHFL,COVID19Death,vaccine,all,intermediate,2021-11-25_07-51-54,TRUE
202138,50 - 59,partially_vaccinated,1,3,70127,1.43,NA,CHFL,COVID19Death,vaccine,all,intermediate,2021-11-25_07-51-54,TRUE
202138,50 - 59,not_vaccinated,5,55,294117,1.7,NA,CHFL,COVID19Death,vaccine,all,intermediate,2021-11-25_07-51-54,TRUE
202138,50 - 59,unknown,0,23,NA,NA,NA,CHFL,COVID19Death,vaccine,all,intermediate,2021-11-25_07-51-54,TRUE
202138,60 - 69,fully_vaccinated,2,9,773889,0.26,NA,CHFL,COVID19Death,vaccine,all,intermediate,2021-11-25_07-51-54,TRUE
202138,60 - 69,partially_vaccinated,0,4,38505,0,NA,CHFL,COVID19Death,vaccine,all,intermediate,2021-11-25_07-51-54,TRUE
202138,60 - 69,not_vaccinated,5,121,159883,3.13,NA,CHFL,COVID19Death,vaccine,all,intermediate,2021-11-25_07-51-54,TRUE
202138,60 - 69,unknown,0,78,NA,NA,NA,CHFL,COVID19Death,vaccine,all,intermediate,2021-11-25_07-51-54,TRUE
202138,70 - 79,fully_vaccinated,2,22,640973,0.31,NA,CHFL,COVID19Death,vaccine,all,intermediate,2021-11-25_07-51-54,TRUE
202138,70 - 79,partially_vaccinated,0,12,17344,0,NA,CHFL,COVID19Death,vaccine,all,intermediate,2021-11-25_07-51-54,TRUE
202138,70 - 79,not_vaccinated,1,179,81596,1.23,NA,CHFL,COVID19Death,vaccine,all,intermediate,2021-11-25_07-51-54,TRUE
202138,70 - 79,unknown,0,165,NA,NA,NA,CHFL,COVID19Death,vaccine,all,intermediate,2021-11-25_07-51-54,TRUE
202138,80+,fully_vaccinated,11,87,410117,2.68,NA,CHFL,COVID19Death,vaccine,all,intermediate,2021-11-25_07-51-54,TRUE
202138,80+,partially_vaccinated,1,58,9165,10.91,NA,CHFL,COVID19Death,vaccine,all,intermediate,2021-11-25_07-51-54,TRUE
202138,80+,not_vaccinated,9,396,40616,22.16,NA,CHFL,COVID19Death,vaccine,all,intermediate,2021-11-25_07-51-54,TRUE
202138,80+,unknown,3,414,NA,NA,NA,CHFL,COVID19Death,vaccine,all,intermediate,2021-11-25_07-51-54,TRUE
202138,Unbekannt,fully_vaccinated,0,0,NA,NA,NA,CHFL,COVID19Death,vaccine,all,intermediate,2021-11-25_07-51-54,TRUE
202138,Unbekannt,partially_vaccinated,0,0,NA,NA,NA,CHFL,COVID19Death,vaccine,all,intermediate,2021-11-25_07-51-54,TRUE
202138,Unbekannt,not_vaccinated,0,0,NA,NA,NA,CHFL,COVID19Death,vaccine,all,intermediate,2021-11-25_07-51-54,TRUE
202138,Unbekannt,unknown,0,0,NA,NA,NA,CHFL,COVID19Death,vaccine,all,intermediate,2021-11-25_07-51-54,TRUE
202139,0 - 9,fully_vaccinated,0,0,137,0,NA,CHFL,COVID19Death,vaccine,all,intermediate,2021-11-25_07-51-54,TRUE
202139,0 - 9,partially_vaccinated,0,0,69,0,NA,CHFL,COVID19Death,vaccine,all,intermediate,2021-11-25_07-51-54,TRUE
202139,0 - 9,not_vaccinated,0,0,880381,0,NA,CHFL,COVID19Death,vaccine,all,intermediate,2021-11-25_07-51-54,TRUE
202139,0 - 9,unknown,0,0,NA,NA,NA,CHFL,COVID19Death,vaccine,all,intermediate,2021-11-25_07-51-54,TRUE
202139,10 - 19,fully_vaccinated,0,0,249274,0,NA,CHFL,COVID19Death,vaccine,all,intermediate,2021-11-25_07-51-54,TRUE
202139,10 - 19,partially_vaccinated,0,0,78385,0,NA,CHFL,COVID19Death,vaccine,all,intermediate,2021-11-25_07-51-54,TRUE
202139,10 - 19,not_vaccinated,0,0,525716,0,NA,CHFL,COVID19Death,vaccine,all,intermediate,2021-11-25_07-51-54,TRUE
202139,10 - 19,unknown,0,1,NA,NA,NA,CHFL,COVID19Death,vaccine,all,intermediate,2021-11-25_07-51-54,TRUE
202139,20 - 29,fully_vaccinated,0,1,577351,0,NA,CHFL,COVID19Death,vaccine,all,intermediate,2021-11-25_07-51-54,TRUE
202139,20 - 29,partially_vaccinated,0,0,93894,0,NA,CHFL,COVID19Death,vaccine,all,intermediate,2021-11-25_07-51-54,TRUE
202139,20 - 29,not_vaccinated,0,0,371372,0,NA,CHFL,COVID19Death,vaccine,all,intermediate,2021-11-25_07-51-54,TRUE
202139,20 - 29,unknown,0,0,NA,NA,NA,CHFL,COVID19Death,vaccine,all,intermediate,2021-11-25_07-51-54,TRUE
202139,30 - 39,fully_vaccinated,0,0,744405,0,NA,CHFL,COVID19Death,vaccine,all,intermediate,2021-11-25_07-51-54,TRUE
202139,30 - 39,partially_vaccinated,0,0,97422,0,NA,CHFL,COVID19Death,vaccine,all,intermediate,2021-11-25_07-51-54,TRUE
202139,30 - 39,not_vaccinated,1,6,406413,0.25,NA,CHFL,COVID19Death,vaccine,all,intermediate,2021-11-25_07-51-54,TRUE
202139,30 - 39,unknown,0,0,NA,NA,NA,CHFL,COVID19Death,vaccine,all,intermediate,2021-11-25_07-51-54,TRUE
202139,40 - 49,fully_vaccinated,0,0,819321,0,NA,CHFL,COVID19Death,vaccine,all,intermediate,2021-11-25_07-51-54,TRUE
202139,40 - 49,partially_vaccinated,0,0,75349,0,NA,CHFL,COVID19Death,vaccine,all,intermediate,2021-11-25_07-51-54,TRUE
202139,40 - 49,not_vaccinated,0,13,312235,0,NA,CHFL,COVID19Death,vaccine,all,intermediate,2021-11-25_07-51-54,TRUE
202139,40 - 49,unknown,0,7,NA,NA,NA,CHFL,COVID19Death,vaccine,all,intermediate,2021-11-25_07-51-54,TRUE
202139,50 - 59,fully_vaccinated,0,4,955512,0,NA,CHFL,COVID19Death,vaccine,all,intermediate,2021-11-25_07-51-54,TRUE
202139,50 - 59,partially_vaccinated,0,3,65201,0,NA,CHFL,COVID19Death,vaccine,all,intermediate,2021-11-25_07-51-54,TRUE
202139,50 - 59,not_vaccinated,4,59,284830,1.4,NA,CHFL,COVID19Death,vaccine,all,intermediate,2021-11-25_07-51-54,TRUE
202139,50 - 59,unknown,1,24,NA,NA,NA,CHFL,COVID19Death,vaccine,all,intermediate,2021-11-25_07-51-54,TRUE
202139,60 - 69,fully_vaccinated,0,9,781304,0,NA,CHFL,COVID19Death,vaccine,all,intermediate,2021-11-25_07-51-54,TRUE
202139,60 - 69,partially_vaccinated,0,4,36044,0,NA,CHFL,COVID19Death,vaccine,all,intermediate,2021-11-25_07-51-54,TRUE
202139,60 - 69,not_vaccinated,8,129,154929,5.16,NA,CHFL,COVID19Death,vaccine,all,intermediate,2021-11-25_07-51-54,TRUE
202139,60 - 69,unknown,0,78,NA,NA,NA,CHFL,COVID19Death,vaccine,all,intermediate,2021-11-25_07-51-54,TRUE
202139,70 - 79,fully_vaccinated,1,23,644106,0.16,NA,CHFL,COVID19Death,vaccine,all,intermediate,2021-11-25_07-51-54,TRUE
202139,70 - 79,partially_vaccinated,0,12,16710,0,NA,CHFL,COVID19Death,vaccine,all,intermediate,2021-11-25_07-51-54,TRUE
202139,70 - 79,not_vaccinated,8,187,79097,10.11,NA,CHFL,COVID19Death,vaccine,all,intermediate,2021-11-25_07-51-54,TRUE
202139,70 - 79,unknown,0,165,NA,NA,NA,CHFL,COVID19Death,vaccine,all,intermediate,2021-11-25_07-51-54,TRUE
202139,80+,fully_vaccinated,2,89,411677,0.49,NA,CHFL,COVID19Death,vaccine,all,intermediate,2021-11-25_07-51-54,TRUE
202139,80+,partially_vaccinated,0,58,9319,0,NA,CHFL,COVID19Death,vaccine,all,intermediate,2021-11-25_07-51-54,TRUE
202139,80+,not_vaccinated,9,405,38902,23.14,NA,CHFL,COVID19Death,vaccine,all,intermediate,2021-11-25_07-51-54,TRUE
202139,80+,unknown,0,414,NA,NA,NA,CHFL,COVID19Death,vaccine,all,intermediate,2021-11-25_07-51-54,TRUE
202139,Unbekannt,fully_vaccinated,0,0,NA,NA,NA,CHFL,COVID19Death,vaccine,all,intermediate,2021-11-25_07-51-54,TRUE
202139,Unbekannt,partially_vaccinated,0,0,NA,NA,NA,CHFL,COVID19Death,vaccine,all,intermediate,2021-11-25_07-51-54,TRUE
202139,Unbekannt,not_vaccinated,0,0,NA,NA,NA,CHFL,COVID19Death,vaccine,all,intermediate,2021-11-25_07-51-54,TRUE
202139,Unbekannt,unknown,0,0,NA,NA,NA,CHFL,COVID19Death,vaccine,all,intermediate,2021-11-25_07-51-54,TRUE
202140,0 - 9,fully_vaccinated,0,0,141,0,NA,CHFL,COVID19Death,vaccine,all,intermediate,2021-11-25_07-51-54,TRUE
202140,0 - 9,partially_vaccinated,0,0,67,0,NA,CHFL,COVID19Death,vaccine,all,intermediate,2021-11-25_07-51-54,TRUE
202140,0 - 9,not_vaccinated,0,0,880379,0,NA,CHFL,COVID19Death,vaccine,all,intermediate,2021-11-25_07-51-54,TRUE
202140,0 - 9,unknown,0,0,NA,NA,NA,CHFL,COVID19Death,vaccine,all,intermediate,2021-11-25_07-51-54,TRUE
202140,10 - 19,fully_vaccinated,0,0,269769,0,NA,CHFL,COVID19Death,vaccine,all,intermediate,2021-11-25_07-51-54,TRUE
202140,10 - 19,partially_vaccinated,0,0,66859,0,NA,CHFL,COVID19Death,vaccine,all,intermediate,2021-11-25_07-51-54,TRUE
202140,10 - 19,not_vaccinated,0,0,516747,0,NA,CHFL,COVID19Death,vaccine,all,intermediate,2021-11-25_07-51-54,TRUE
202140,10 - 19,unknown,0,1,NA,NA,NA,CHFL,COVID19Death,vaccine,all,intermediate,2021-11-25_07-51-54,TRUE
202140,20 - 29,fully_vaccinated,0,1,599943,0,NA,CHFL,COVID19Death,vaccine,all,intermediate,2021-11-25_07-51-54,TRUE
202140,20 - 29,partially_vaccinated,0,0,82242,0,NA,CHFL,COVID19Death,vaccine,all,intermediate,2021-11-25_07-51-54,TRUE
202140,20 - 29,not_vaccinated,0,0,360432,0,NA,CHFL,COVID19Death,vaccine,all,intermediate,2021-11-25_07-51-54,TRUE
202140,20 - 29,unknown,0,0,NA,NA,NA,CHFL,COVID19Death,vaccine,all,intermediate,2021-11-25_07-51-54,TRUE
202140,30 - 39,fully_vaccinated,0,0,769143,0,NA,CHFL,COVID19Death,vaccine,all,intermediate,2021-11-25_07-51-54,TRUE
202140,30 - 39,partially_vaccinated,0,0,84202,0,NA,CHFL,COVID19Death,vaccine,all,intermediate,2021-11-25_07-51-54,TRUE
202140,30 - 39,not_vaccinated,0,6,394895,0,NA,CHFL,COVID19Death,vaccine,all,intermediate,2021-11-25_07-51-54,TRUE
202140,30 - 39,unknown,0,0,NA,NA,NA,CHFL,COVID19Death,vaccine,all,intermediate,2021-11-25_07-51-54,TRUE
202140,40 - 49,fully_vaccinated,0,0,838792,0,NA,CHFL,COVID19Death,vaccine,all,intermediate,2021-11-25_07-51-54,TRUE
202140,40 - 49,partially_vaccinated,0,0,63610,0,NA,CHFL,COVID19Death,vaccine,all,intermediate,2021-11-25_07-51-54,TRUE
202140,40 - 49,not_vaccinated,0,13,304503,0,NA,CHFL,COVID19Death,vaccine,all,intermediate,2021-11-25_07-51-54,TRUE
202140,40 - 49,unknown,0,7,NA,NA,NA,CHFL,COVID19Death,vaccine,all,intermediate,2021-11-25_07-51-54,TRUE
202140,50 - 59,fully_vaccinated,0,4,972016,0,NA,CHFL,COVID19Death,vaccine,all,intermediate,2021-11-25_07-51-54,TRUE
202140,50 - 59,partially_vaccinated,0,3,55548,0,NA,CHFL,COVID19Death,vaccine,all,intermediate,2021-11-25_07-51-54,TRUE
202140,50 - 59,not_vaccinated,1,60,277979,0.36,NA,CHFL,COVID19Death,vaccine,all,intermediate,2021-11-25_07-51-54,TRUE
202140,50 - 59,unknown,0,24,NA,NA,NA,CHFL,COVID19Death,vaccine,all,intermediate,2021-11-25_07-51-54,TRUE
202140,60 - 69,fully_vaccinated,0,9,789978,0,NA,CHFL,COVID19Death,vaccine,all,intermediate,2021-11-25_07-51-54,TRUE
202140,60 - 69,partially_vaccinated,0,4,31105,0,NA,CHFL,COVID19Death,vaccine,all,intermediate,2021-11-25_07-51-54,TRUE
202140,60 - 69,not_vaccinated,1,130,151194,0.66,NA,CHFL,COVID19Death,vaccine,all,intermediate,2021-11-25_07-51-54,TRUE
202140,60 - 69,unknown,1,79,NA,NA,NA,CHFL,COVID19Death,vaccine,all,intermediate,2021-11-25_07-51-54,TRUE
202140,70 - 79,fully_vaccinated,1,24,647956,0.15,NA,CHFL,COVID19Death,vaccine,all,intermediate,2021-11-25_07-51-54,TRUE
202140,70 - 79,partially_vaccinated,0,12,14732,0,NA,CHFL,COVID19Death,vaccine,all,intermediate,2021-11-25_07-51-54,TRUE
202140,70 - 79,not_vaccinated,4,191,77225,5.18,NA,CHFL,COVID19Death,vaccine,all,intermediate,2021-11-25_07-51-54,TRUE
202140,70 - 79,unknown,2,167,NA,NA,NA,CHFL,COVID19Death,vaccine,all,intermediate,2021-11-25_07-51-54,TRUE
202140,80+,fully_vaccinated,9,98,413615,2.18,NA,CHFL,COVID19Death,vaccine,all,intermediate,2021-11-25_07-51-54,TRUE
202140,80+,partially_vaccinated,1,59,8633,11.58,NA,CHFL,COVID19Death,vaccine,all,intermediate,2021-11-25_07-51-54,TRUE
202140,80+,not_vaccinated,7,412,37650,18.59,NA,CHFL,COVID19Death,vaccine,all,intermediate,2021-11-25_07-51-54,TRUE
202140,80+,unknown,3,417,NA,NA,NA,CHFL,COVID19Death,vaccine,all,intermediate,2021-11-25_07-51-54,TRUE
202140,Unbekannt,fully_vaccinated,0,0,NA,NA,NA,CHFL,COVID19Death,vaccine,all,intermediate,2021-11-25_07-51-54,TRUE
202140,Unbekannt,partially_vaccinated,0,0,NA,NA,NA,CHFL,COVID19Death,vaccine,all,intermediate,2021-11-25_07-51-54,TRUE
202140,Unbekannt,not_vaccinated,0,0,NA,NA,NA,CHFL,COVID19Death,vaccine,all,intermediate,2021-11-25_07-51-54,TRUE
202140,Unbekannt,unknown,0,0,NA,NA,NA,CHFL,COVID19Death,vaccine,all,intermediate,2021-11-25_07-51-54,TRUE
202141,0 - 9,fully_vaccinated,0,0,147,0,NA,CHFL,COVID19Death,vaccine,all,intermediate,2021-11-25_07-51-54,TRUE
202141,0 - 9,partially_vaccinated,0,0,62,0,NA,CHFL,COVID19Death,vaccine,all,intermediate,2021-11-25_07-51-54,TRUE
202141,0 - 9,not_vaccinated,0,0,880378,0,NA,CHFL,COVID19Death,vaccine,all,intermediate,2021-11-25_07-51-54,TRUE
202141,0 - 9,unknown,0,0,NA,NA,NA,CHFL,COVID19Death,vaccine,all,intermediate,2021-11-25_07-51-54,TRUE
202141,10 - 19,fully_vaccinated,0,0,290093,0,NA,CHFL,COVID19Death,vaccine,all,intermediate,2021-11-25_07-51-54,TRUE
202141,10 - 19,partially_vaccinated,0,0,53788,0,NA,CHFL,COVID19Death,vaccine,all,intermediate,2021-11-25_07-51-54,TRUE
202141,10 - 19,not_vaccinated,0,0,509494,0,NA,CHFL,COVID19Death,vaccine,all,intermediate,2021-11-25_07-51-54,TRUE
202141,10 - 19,unknown,0,1,NA,NA,NA,CHFL,COVID19Death,vaccine,all,intermediate,2021-11-25_07-51-54,TRUE
202141,20 - 29,fully_vaccinated,0,1,628309,0,NA,CHFL,COVID19Death,vaccine,all,intermediate,2021-11-25_07-51-54,TRUE
202141,20 - 29,partially_vaccinated,0,0,64058,0,NA,CHFL,COVID19Death,vaccine,all,intermediate,2021-11-25_07-51-54,TRUE
202141,20 - 29,not_vaccinated,0,0,350250,0,NA,CHFL,COVID19Death,vaccine,all,intermediate,2021-11-25_07-51-54,TRUE
202141,20 - 29,unknown,0,0,NA,NA,NA,CHFL,COVID19Death,vaccine,all,intermediate,2021-11-25_07-51-54,TRUE
202141,30 - 39,fully_vaccinated,0,0,797299,0,NA,CHFL,COVID19Death,vaccine,all,intermediate,2021-11-25_07-51-54,TRUE
202141,30 - 39,partially_vaccinated,0,0,66189,0,NA,CHFL,COVID19Death,vaccine,all,intermediate,2021-11-25_07-51-54,TRUE
202141,30 - 39,not_vaccinated,0,6,384752,0,NA,CHFL,COVID19Death,vaccine,all,intermediate,2021-11-25_07-51-54,TRUE
202141,30 - 39,unknown,0,0,NA,NA,NA,CHFL,COVID19Death,vaccine,all,intermediate,2021-11-25_07-51-54,TRUE
202141,40 - 49,fully_vaccinated,0,0,859727,0,NA,CHFL,COVID19Death,vaccine,all,intermediate,2021-11-25_07-51-54,TRUE
202141,40 - 49,partially_vaccinated,0,0,49850,0,NA,CHFL,COVID19Death,vaccine,all,intermediate,2021-11-25_07-51-54,TRUE
202141,40 - 49,not_vaccinated,0,13,297328,0,NA,CHFL,COVID19Death,vaccine,all,intermediate,2021-11-25_07-51-54,TRUE
202141,40 - 49,unknown,0,7,NA,NA,NA,CHFL,COVID19Death,vaccine,all,intermediate,2021-11-25_07-51-54,TRUE
202141,50 - 59,fully_vaccinated,0,4,990121,0,NA,CHFL,COVID19Death,vaccine,all,intermediate,2021-11-25_07-51-54,TRUE
202141,50 - 59,partially_vaccinated,0,3,43922,0,NA,CHFL,COVID19Death,vaccine,all,intermediate,2021-11-25_07-51-54,TRUE
202141,50 - 59,not_vaccinated,1,61,271500,0.37,NA,CHFL,COVID19Death,vaccine,all,intermediate,2021-11-25_07-51-54,TRUE
202141,50 - 59,unknown,1,25,NA,NA,NA,CHFL,COVID19Death,vaccine,all,intermediate,2021-11-25_07-51-54,TRUE
202141,60 - 69,fully_vaccinated,0,9,799524,0,NA,CHFL,COVID19Death,vaccine,all,intermediate,2021-11-25_07-51-54,TRUE
202141,60 - 69,partially_vaccinated,0,4,25063,0,NA,CHFL,COVID19Death,vaccine,all,intermediate,2021-11-25_07-51-54,TRUE
202141,60 - 69,not_vaccinated,3,133,147690,2.03,NA,CHFL,COVID19Death,vaccine,all,intermediate,2021-11-25_07-51-54,TRUE
202141,60 - 69,unknown,0,79,NA,NA,NA,CHFL,COVID19Death,vaccine,all,intermediate,2021-11-25_07-51-54,TRUE
202141,70 - 79,fully_vaccinated,1,25,652281,0.15,NA,CHFL,COVID19Death,vaccine,all,intermediate,2021-11-25_07-51-54,TRUE
202141,70 - 79,partially_vaccinated,0,12,12110,0,NA,CHFL,COVID19Death,vaccine,all,intermediate,2021-11-25_07-51-54,TRUE
202141,70 - 79,not_vaccinated,5,196,75522,6.62,NA,CHFL,COVID19Death,vaccine,all,intermediate,2021-11-25_07-51-54,TRUE
202141,70 - 79,unknown,0,167,NA,NA,NA,CHFL,COVID19Death,vaccine,all,intermediate,2021-11-25_07-51-54,TRUE
202141,80+,fully_vaccinated,11,109,415989,2.64,NA,CHFL,COVID19Death,vaccine,all,intermediate,2021-11-25_07-51-54,TRUE
202141,80+,partially_vaccinated,0,59,7352,0,NA,CHFL,COVID19Death,vaccine,all,intermediate,2021-11-25_07-51-54,TRUE
202141,80+,not_vaccinated,7,419,36557,19.15,NA,CHFL,COVID19Death,vaccine,all,intermediate,2021-11-25_07-51-54,TRUE
202141,80+,unknown,3,420,NA,NA,NA,CHFL,COVID19Death,vaccine,all,intermediate,2021-11-25_07-51-54,TRUE
202141,Unbekannt,fully_vaccinated,0,0,NA,NA,NA,CHFL,COVID19Death,vaccine,all,intermediate,2021-11-25_07-51-54,TRUE
202141,Unbekannt,partially_vaccinated,0,0,NA,NA,NA,CHFL,COVID19Death,vaccine,all,intermediate,2021-11-25_07-51-54,TRUE
202141,Unbekannt,not_vaccinated,0,0,NA,NA,NA,CHFL,COVID19Death,vaccine,all,intermediate,2021-11-25_07-51-54,TRUE
202141,Unbekannt,unknown,0,0,NA,NA,NA,CHFL,COVID19Death,vaccine,all,intermediate,2021-11-25_07-51-54,TRUE
202142,0 - 9,fully_vaccinated,0,0,151,0,NA,CHFL,COVID19Death,vaccine,all,intermediate,2021-11-25_07-51-54,TRUE
202142,0 - 9,partially_vaccinated,0,0,60,0,NA,CHFL,COVID19Death,vaccine,all,intermediate,2021-11-25_07-51-54,TRUE
202142,0 - 9,not_vaccinated,0,0,880376,0,NA,CHFL,COVID19Death,vaccine,all,intermediate,2021-11-25_07-51-54,TRUE
202142,0 - 9,unknown,0,0,NA,NA,NA,CHFL,COVID19Death,vaccine,all,intermediate,2021-11-25_07-51-54,TRUE
202142,10 - 19,fully_vaccinated,0,0,308363,0,NA,CHFL,COVID19Death,vaccine,all,intermediate,2021-11-25_07-51-54,TRUE
202142,10 - 19,partially_vaccinated,0,0,42084,0,NA,CHFL,COVID19Death,vaccine,all,intermediate,2021-11-25_07-51-54,TRUE
202142,10 - 19,not_vaccinated,0,0,502928,0,NA,CHFL,COVID19Death,vaccine,all,intermediate,2021-11-25_07-51-54,TRUE
202142,10 - 19,unknown,0,1,NA,NA,NA,CHFL,COVID19Death,vaccine,all,intermediate,2021-11-25_07-51-54,TRUE
202142,20 - 29,fully_vaccinated,0,1,652103,0,NA,CHFL,COVID19Death,vaccine,all,intermediate,2021-11-25_07-51-54,TRUE
202142,20 - 29,partially_vaccinated,0,0,48189,0,NA,CHFL,COVID19Death,vaccine,all,intermediate,2021-11-25_07-51-54,TRUE
202142,20 - 29,not_vaccinated,0,0,342325,0,NA,CHFL,COVID19Death,vaccine,all,intermediate,2021-11-25_07-51-54,TRUE
202142,20 - 29,unknown,0,0,NA,NA,NA,CHFL,COVID19Death,vaccine,all,intermediate,2021-11-25_07-51-54,TRUE
202142,30 - 39,fully_vaccinated,0,0,821321,0,NA,CHFL,COVID19Death,vaccine,all,intermediate,2021-11-25_07-51-54,TRUE
202142,30 - 39,partially_vaccinated,0,0,50313,0,NA,CHFL,COVID19Death,vaccine,all,intermediate,2021-11-25_07-51-54,TRUE
202142,30 - 39,not_vaccinated,0,6,376606,0,NA,CHFL,COVID19Death,vaccine,all,intermediate,2021-11-25_07-51-54,TRUE
202142,30 - 39,unknown,0,0,NA,NA,NA,CHFL,COVID19Death,vaccine,all,intermediate,2021-11-25_07-51-54,TRUE
202142,40 - 49,fully_vaccinated,0,0,877183,0,NA,CHFL,COVID19Death,vaccine,all,intermediate,2021-11-25_07-51-54,TRUE
202142,40 - 49,partially_vaccinated,0,0,38032,0,NA,CHFL,COVID19Death,vaccine,all,intermediate,2021-11-25_07-51-54,TRUE
202142,40 - 49,not_vaccinated,0,13,291690,0,NA,CHFL,COVID19Death,vaccine,all,intermediate,2021-11-25_07-51-54,TRUE
202142,40 - 49,unknown,0,7,NA,NA,NA,CHFL,COVID19Death,vaccine,all,intermediate,2021-11-25_07-51-54,TRUE
202142,50 - 59,fully_vaccinated,0,4,1004855,0,NA,CHFL,COVID19Death,vaccine,all,intermediate,2021-11-25_07-51-54,TRUE
202142,50 - 59,partially_vaccinated,0,3,33954,0,NA,CHFL,COVID19Death,vaccine,all,intermediate,2021-11-25_07-51-54,TRUE
202142,50 - 59,not_vaccinated,0,61,266734,0,NA,CHFL,COVID19Death,vaccine,all,intermediate,2021-11-25_07-51-54,TRUE
202142,50 - 59,unknown,0,25,NA,NA,NA,CHFL,COVID19Death,vaccine,all,intermediate,2021-11-25_07-51-54,TRUE
202142,60 - 69,fully_vaccinated,1,10,807244,0.12,NA,CHFL,COVID19Death,vaccine,all,intermediate,2021-11-25_07-51-54,TRUE
202142,60 - 69,partially_vaccinated,0,4,19909,0,NA,CHFL,COVID19Death,vaccine,all,intermediate,2021-11-25_07-51-54,TRUE
202142,60 - 69,not_vaccinated,6,139,145124,4.13,NA,CHFL,COVID19Death,vaccine,all,intermediate,2021-11-25_07-51-54,TRUE
202142,60 - 69,unknown,1,80,NA,NA,NA,CHFL,COVID19Death,vaccine,all,intermediate,2021-11-25_07-51-54,TRUE
202142,70 - 79,fully_vaccinated,2,27,656034,0.3,NA,CHFL,COVID19Death,vaccine,all,intermediate,2021-11-25_07-51-54,TRUE
202142,70 - 79,partially_vaccinated,0,12,9689,0,NA,CHFL,COVID19Death,vaccine,all,intermediate,2021-11-25_07-51-54,TRUE
202142,70 - 79,not_vaccinated,2,198,74190,2.7,NA,CHFL,COVID19Death,vaccine,all,intermediate,2021-11-25_07-51-54,TRUE
202142,70 - 79,unknown,1,168,NA,NA,NA,CHFL,COVID19Death,vaccine,all,intermediate,2021-11-25_07-51-54,TRUE
202142,80+,fully_vaccinated,9,118,418313,2.15,NA,CHFL,COVID19Death,vaccine,all,intermediate,2021-11-25_07-51-54,TRUE
202142,80+,partially_vaccinated,0,59,5891,0,NA,CHFL,COVID19Death,vaccine,all,intermediate,2021-11-25_07-51-54,TRUE
202142,80+,not_vaccinated,8,427,35694,22.41,NA,CHFL,COVID19Death,vaccine,all,intermediate,2021-11-25_07-51-54,TRUE
202142,80+,unknown,2,422,NA,NA,NA,CHFL,COVID19Death,vaccine,all,intermediate,2021-11-25_07-51-54,TRUE
202142,Unbekannt,fully_vaccinated,0,0,NA,NA,NA,CHFL,COVID19Death,vaccine,all,intermediate,2021-11-25_07-51-54,TRUE
202142,Unbekannt,partially_vaccinated,0,0,NA,NA,NA,CHFL,COVID19Death,vaccine,all,intermediate,2021-11-25_07-51-54,TRUE
202142,Unbekannt,not_vaccinated,0,0,NA,NA,NA,CHFL,COVID19Death,vaccine,all,intermediate,2021-11-25_07-51-54,TRUE
202142,Unbekannt,unknown,0,0,NA,NA,NA,CHFL,COVID19Death,vaccine,all,intermediate,2021-11-25_07-51-54,TRUE
202143,0 - 9,fully_vaccinated,0,0,154,0,NA,CHFL,COVID19Death,vaccine,all,intermediate,2021-11-25_07-51-54,TRUE
202143,0 - 9,partially_vaccinated,0,0,57,0,NA,CHFL,COVID19Death,vaccine,all,intermediate,2021-11-25_07-51-54,TRUE
202143,0 - 9,not_vaccinated,0,0,880376,0,NA,CHFL,COVID19Death,vaccine,all,intermediate,2021-11-25_07-51-54,TRUE
202143,0 - 9,unknown,0,0,NA,NA,NA,CHFL,COVID19Death,vaccine,all,intermediate,2021-11-25_07-51-54,TRUE
202143,10 - 19,fully_vaccinated,0,0,321794,0,NA,CHFL,COVID19Death,vaccine,all,intermediate,2021-11-25_07-51-54,TRUE
202143,10 - 19,partially_vaccinated,0,0,33939,0,NA,CHFL,COVID19Death,vaccine,all,intermediate,2021-11-25_07-51-54,TRUE
202143,10 - 19,not_vaccinated,0,0,497642,0,NA,CHFL,COVID19Death,vaccine,all,intermediate,2021-11-25_07-51-54,TRUE
202143,10 - 19,unknown,0,1,NA,NA,NA,CHFL,COVID19Death,vaccine,all,intermediate,2021-11-25_07-51-54,TRUE
202143,20 - 29,fully_vaccinated,0,1,667065,0,NA,CHFL,COVID19Death,vaccine,all,intermediate,2021-11-25_07-51-54,TRUE
202143,20 - 29,partially_vaccinated,0,0,39176,0,NA,CHFL,COVID19Death,vaccine,all,intermediate,2021-11-25_07-51-54,TRUE
202143,20 - 29,not_vaccinated,0,0,336376,0,NA,CHFL,COVID19Death,vaccine,all,intermediate,2021-11-25_07-51-54,TRUE
202143,20 - 29,unknown,0,0,NA,NA,NA,CHFL,COVID19Death,vaccine,all,intermediate,2021-11-25_07-51-54,TRUE
202143,30 - 39,fully_vaccinated,0,0,837141,0,NA,CHFL,COVID19Death,vaccine,all,intermediate,2021-11-25_07-51-54,TRUE
202143,30 - 39,partially_vaccinated,0,0,40653,0,NA,CHFL,COVID19Death,vaccine,all,intermediate,2021-11-25_07-51-54,TRUE
202143,30 - 39,not_vaccinated,0,6,370446,0,NA,CHFL,COVID19Death,vaccine,all,intermediate,2021-11-25_07-51-54,TRUE
202143,30 - 39,unknown,0,0,NA,NA,NA,CHFL,COVID19Death,vaccine,all,intermediate,2021-11-25_07-51-54,TRUE
202143,40 - 49,fully_vaccinated,0,0,888844,0,NA,CHFL,COVID19Death,vaccine,all,intermediate,2021-11-25_07-51-54,TRUE
202143,40 - 49,partially_vaccinated,0,0,30615,0,NA,CHFL,COVID19Death,vaccine,all,intermediate,2021-11-25_07-51-54,TRUE
202143,40 - 49,not_vaccinated,1,14,287446,0.35,NA,CHFL,COVID19Death,vaccine,all,intermediate,2021-11-25_07-51-54,TRUE
202143,40 - 49,unknown,0,7,NA,NA,NA,CHFL,COVID19Death,vaccine,all,intermediate,2021-11-25_07-51-54,TRUE
202143,50 - 59,fully_vaccinated,0,4,1014499,0,NA,CHFL,COVID19Death,vaccine,all,intermediate,2021-11-25_07-51-54,TRUE
202143,50 - 59,partially_vaccinated,0,3,27805,0,NA,CHFL,COVID19Death,vaccine,all,intermediate,2021-11-25_07-51-54,TRUE
202143,50 - 59,not_vaccinated,0,61,263239,0,NA,CHFL,COVID19Death,vaccine,all,intermediate,2021-11-25_07-51-54,TRUE
202143,50 - 59,unknown,2,27,NA,NA,NA,CHFL,COVID19Death,vaccine,all,intermediate,2021-11-25_07-51-54,TRUE
202143,60 - 69,fully_vaccinated,0,10,812520,0,NA,CHFL,COVID19Death,vaccine,all,intermediate,2021-11-25_07-51-54,TRUE
202143,60 - 69,partially_vaccinated,0,4,16670,0,NA,CHFL,COVID19Death,vaccine,all,intermediate,2021-11-25_07-51-54,TRUE
202143,60 - 69,not_vaccinated,4,143,143087,2.8,NA,CHFL,COVID19Death,vaccine,all,intermediate,2021-11-25_07-51-54,TRUE
202143,60 - 69,unknown,1,81,NA,NA,NA,CHFL,COVID19Death,vaccine,all,intermediate,2021-11-25_07-51-54,TRUE
202143,70 - 79,fully_vaccinated,4,31,658855,0.61,NA,CHFL,COVID19Death,vaccine,all,intermediate,2021-11-25_07-51-54,TRUE
202143,70 - 79,partially_vaccinated,0,12,7877,0,NA,CHFL,COVID19Death,vaccine,all,intermediate,2021-11-25_07-51-54,TRUE
202143,70 - 79,not_vaccinated,3,201,73181,4.1,NA,CHFL,COVID19Death,vaccine,all,intermediate,2021-11-25_07-51-54,TRUE
202143,70 - 79,unknown,1,169,NA,NA,NA,CHFL,COVID19Death,vaccine,all,intermediate,2021-11-25_07-51-54,TRUE
202143,80+,fully_vaccinated,15,133,420183,3.57,NA,CHFL,COVID19Death,vaccine,all,intermediate,2021-11-25_07-51-54,TRUE
202143,80+,partially_vaccinated,3,62,4684,64.05,NA,CHFL,COVID19Death,vaccine,all,intermediate,2021-11-25_07-51-54,TRUE
202143,80+,not_vaccinated,9,436,35031,25.69,NA,CHFL,COVID19Death,vaccine,all,intermediate,2021-11-25_07-51-54,TRUE
202143,80+,unknown,1,423,NA,NA,NA,CHFL,COVID19Death,vaccine,all,intermediate,2021-11-25_07-51-54,TRUE
202143,Unbekannt,fully_vaccinated,0,0,NA,NA,NA,CHFL,COVID19Death,vaccine,all,intermediate,2021-11-25_07-51-54,TRUE
202143,Unbekannt,partially_vaccinated,0,0,NA,NA,NA,CHFL,COVID19Death,vaccine,all,intermediate,2021-11-25_07-51-54,TRUE
202143,Unbekannt,not_vaccinated,0,0,NA,NA,NA,CHFL,COVID19Death,vaccine,all,intermediate,2021-11-25_07-51-54,TRUE
202143,Unbekannt,unknown,0,0,NA,NA,NA,CHFL,COVID19Death,vaccine,all,intermediate,2021-11-25_07-51-54,TRUE
202144,0 - 9,fully_vaccinated,0,0,157,0,NA,CHFL,COVID19Death,vaccine,all,intermediate,2021-11-25_07-51-54,TRUE
202144,0 - 9,partially_vaccinated,0,0,59,0,NA,CHFL,COVID19Death,vaccine,all,intermediate,2021-11-25_07-51-54,TRUE
202144,0 - 9,not_vaccinated,0,0,880371,0,NA,CHFL,COVID19Death,vaccine,all,intermediate,2021-11-25_07-51-54,TRUE
202144,0 - 9,unknown,0,0,NA,NA,NA,CHFL,COVID19Death,vaccine,all,intermediate,2021-11-25_07-51-54,TRUE
202144,10 - 19,fully_vaccinated,0,0,331349,0,NA,CHFL,COVID19Death,vaccine,all,intermediate,2021-11-25_07-51-54,TRUE
202144,10 - 19,partially_vaccinated,0,0,29269,0,NA,CHFL,COVID19Death,vaccine,all,intermediate,2021-11-25_07-51-54,TRUE
202144,10 - 19,not_vaccinated,0,0,492757,0,NA,CHFL,COVID19Death,vaccine,all,intermediate,2021-11-25_07-51-54,TRUE
202144,10 - 19,unknown,0,1,NA,NA,NA,CHFL,COVID19Death,vaccine,all,intermediate,2021-11-25_07-51-54,TRUE
202144,20 - 29,fully_vaccinated,0,1,677621,0,NA,CHFL,COVID19Death,vaccine,all,intermediate,2021-11-25_07-51-54,TRUE
202144,20 - 29,partially_vaccinated,0,0,33524,0,NA,CHFL,COVID19Death,vaccine,all,intermediate,2021-11-25_07-51-54,TRUE
202144,20 - 29,not_vaccinated,0,0,331472,0,NA,CHFL,COVID19Death,vaccine,all,intermediate,2021-11-25_07-51-54,TRUE
202144,20 - 29,unknown,0,0,NA,NA,NA,CHFL,COVID19Death,vaccine,all,intermediate,2021-11-25_07-51-54,TRUE
202144,30 - 39,fully_vaccinated,0,0,848090,0,NA,CHFL,COVID19Death,vaccine,all,intermediate,2021-11-25_07-51-54,TRUE
202144,30 - 39,partially_vaccinated,0,0,35267,0,NA,CHFL,COVID19Death,vaccine,all,intermediate,2021-11-25_07-51-54,TRUE
202144,30 - 39,not_vaccinated,0,6,364883,0,NA,CHFL,COVID19Death,vaccine,all,intermediate,2021-11-25_07-51-54,TRUE
202144,30 - 39,unknown,0,0,NA,NA,NA,CHFL,COVID19Death,vaccine,all,intermediate,2021-11-25_07-51-54,TRUE
202144,40 - 49,fully_vaccinated,0,0,896186,0,NA,CHFL,COVID19Death,vaccine,all,intermediate,2021-11-25_07-51-54,TRUE
202144,40 - 49,partially_vaccinated,0,0,26992,0,NA,CHFL,COVID19Death,vaccine,all,intermediate,2021-11-25_07-51-54,TRUE
202144,40 - 49,not_vaccinated,0,14,283727,0,NA,CHFL,COVID19Death,vaccine,all,intermediate,2021-11-25_07-51-54,TRUE
202144,40 - 49,unknown,0,7,NA,NA,NA,CHFL,COVID19Death,vaccine,all,intermediate,2021-11-25_07-51-54,TRUE
202144,50 - 59,fully_vaccinated,0,4,1020883,0,NA,CHFL,COVID19Death,vaccine,all,intermediate,2021-11-25_07-51-54,TRUE
202144,50 - 59,partially_vaccinated,0,3,24519,0,NA,CHFL,COVID19Death,vaccine,all,intermediate,2021-11-25_07-51-54,TRUE
202144,50 - 59,not_vaccinated,1,62,260141,0.38,NA,CHFL,COVID19Death,vaccine,all,intermediate,2021-11-25_07-51-54,TRUE
202144,50 - 59,unknown,0,27,NA,NA,NA,CHFL,COVID19Death,vaccine,all,intermediate,2021-11-25_07-51-54,TRUE
202144,60 - 69,fully_vaccinated,0,10,815938,0,NA,CHFL,COVID19Death,vaccine,all,intermediate,2021-11-25_07-51-54,TRUE
202144,60 - 69,partially_vaccinated,0,4,14960,0,NA,CHFL,COVID19Death,vaccine,all,intermediate,2021-11-25_07-51-54,TRUE
202144,60 - 69,not_vaccinated,0,143,141379,0,NA,CHFL,COVID19Death,vaccine,all,intermediate,2021-11-25_07-51-54,TRUE
202144,60 - 69,unknown,0,81,NA,NA,NA,CHFL,COVID19Death,vaccine,all,intermediate,2021-11-25_07-51-54,TRUE
202144,70 - 79,fully_vaccinated,4,35,660544,0.61,NA,CHFL,COVID19Death,vaccine,all,intermediate,2021-11-25_07-51-54,TRUE
202144,70 - 79,partially_vaccinated,0,12,7038,0,NA,CHFL,COVID19Death,vaccine,all,intermediate,2021-11-25_07-51-54,TRUE
202144,70 - 79,not_vaccinated,1,202,72331,1.38,NA,CHFL,COVID19Death,vaccine,all,intermediate,2021-11-25_07-51-54,TRUE
202144,70 - 79,unknown,0,169,NA,NA,NA,CHFL,COVID19Death,vaccine,all,intermediate,2021-11-25_07-51-54,TRUE
202144,80+,fully_vaccinated,11,144,421351,2.61,NA,CHFL,COVID19Death,vaccine,all,intermediate,2021-11-25_07-51-54,TRUE
202144,80+,partially_vaccinated,0,62,4083,0,NA,CHFL,COVID19Death,vaccine,all,intermediate,2021-11-25_07-51-54,TRUE
202144,80+,not_vaccinated,11,447,34464,31.92,NA,CHFL,COVID19Death,vaccine,all,intermediate,2021-11-25_07-51-54,TRUE
202144,80+,unknown,3,426,NA,NA,NA,CHFL,COVID19Death,vaccine,all,intermediate,2021-11-25_07-51-54,TRUE
202144,Unbekannt,fully_vaccinated,0,0,NA,NA,NA,CHFL,COVID19Death,vaccine,all,intermediate,2021-11-25_07-51-54,TRUE
202144,Unbekannt,partially_vaccinated,0,0,NA,NA,NA,CHFL,COVID19Death,vaccine,all,intermediate,2021-11-25_07-51-54,TRUE
202144,Unbekannt,not_vaccinated,0,0,NA,NA,NA,CHFL,COVID19Death,vaccine,all,intermediate,2021-11-25_07-51-54,TRUE
202144,Unbekannt,unknown,0,0,NA,NA,NA,CHFL,COVID19Death,vaccine,all,intermediate,2021-11-25_07-51-54,TRUE
202145,0 - 9,fully_vaccinated,0,0,160,0,NA,CHFL,COVID19Death,vaccine,all,intermediate,2021-11-25_07-51-54,TRUE
202145,0 - 9,partially_vaccinated,0,0,58,0,NA,CHFL,COVID19Death,vaccine,all,intermediate,2021-11-25_07-51-54,TRUE
202145,0 - 9,not_vaccinated,0,0,880369,0,NA,CHFL,COVID19Death,vaccine,all,intermediate,2021-11-25_07-51-54,TRUE
202145,0 - 9,unknown,0,0,NA,NA,NA,CHFL,COVID19Death,vaccine,all,intermediate,2021-11-25_07-51-54,TRUE
202145,10 - 19,fully_vaccinated,0,0,338754,0,NA,CHFL,COVID19Death,vaccine,all,intermediate,2021-11-25_07-51-54,TRUE
202145,10 - 19,partially_vaccinated,0,0,28626,0,NA,CHFL,COVID19Death,vaccine,all,intermediate,2021-11-25_07-51-54,TRUE
202145,10 - 19,not_vaccinated,0,0,485995,0,NA,CHFL,COVID19Death,vaccine,all,intermediate,2021-11-25_07-51-54,TRUE
202145,10 - 19,unknown,0,1,NA,NA,NA,CHFL,COVID19Death,vaccine,all,intermediate,2021-11-25_07-51-54,TRUE
202145,20 - 29,fully_vaccinated,0,1,687027,0,NA,CHFL,COVID19Death,vaccine,all,intermediate,2021-11-25_07-51-54,TRUE
202145,20 - 29,partially_vaccinated,0,0,30666,0,NA,CHFL,COVID19Death,vaccine,all,intermediate,2021-11-25_07-51-54,TRUE
202145,20 - 29,not_vaccinated,0,0,324924,0,NA,CHFL,COVID19Death,vaccine,all,intermediate,2021-11-25_07-51-54,TRUE
202145,20 - 29,unknown,0,0,NA,NA,NA,CHFL,COVID19Death,vaccine,all,intermediate,2021-11-25_07-51-54,TRUE
202145,30 - 39,fully_vaccinated,0,0,858032,0,NA,CHFL,COVID19Death,vaccine,all,intermediate,2021-11-25_07-51-54,TRUE
202145,30 - 39,partially_vaccinated,0,0,32628,0,NA,CHFL,COVID19Death,vaccine,all,intermediate,2021-11-25_07-51-54,TRUE
202145,30 - 39,not_vaccinated,0,6,357580,0,NA,CHFL,COVID19Death,vaccine,all,intermediate,2021-11-25_07-51-54,TRUE
202145,30 - 39,unknown,0,0,NA,NA,NA,CHFL,COVID19Death,vaccine,all,intermediate,2021-11-25_07-51-54,TRUE
202145,40 - 49,fully_vaccinated,0,0,902981,0,NA,CHFL,COVID19Death,vaccine,all,intermediate,2021-11-25_07-51-54,TRUE
202145,40 - 49,partially_vaccinated,0,0,25293,0,NA,CHFL,COVID19Death,vaccine,all,intermediate,2021-11-25_07-51-54,TRUE
202145,40 - 49,not_vaccinated,0,14,278631,0,NA,CHFL,COVID19Death,vaccine,all,intermediate,2021-11-25_07-51-54,TRUE
202145,40 - 49,unknown,0,7,NA,NA,NA,CHFL,COVID19Death,vaccine,all,intermediate,2021-11-25_07-51-54,TRUE
202145,50 - 59,fully_vaccinated,0,4,1026748,0,NA,CHFL,COVID19Death,vaccine,all,intermediate,2021-11-25_07-51-54,TRUE
202145,50 - 59,partially_vaccinated,0,3,23269,0,NA,CHFL,COVID19Death,vaccine,all,intermediate,2021-11-25_07-51-54,TRUE
202145,50 - 59,not_vaccinated,1,63,255526,0.39,NA,CHFL,COVID19Death,vaccine,all,intermediate,2021-11-25_07-51-54,TRUE
202145,50 - 59,unknown,0,27,NA,NA,NA,CHFL,COVID19Death,vaccine,all,intermediate,2021-11-25_07-51-54,TRUE
202145,60 - 69,fully_vaccinated,0,10,819257,0,NA,CHFL,COVID19Death,vaccine,all,intermediate,2021-11-25_07-51-54,TRUE
202145,60 - 69,partially_vaccinated,0,4,14430,0,NA,CHFL,COVID19Death,vaccine,all,intermediate,2021-11-25_07-51-54,TRUE
202145,60 - 69,not_vaccinated,3,146,138590,2.16,NA,CHFL,COVID19Death,vaccine,all,intermediate,2021-11-25_07-51-54,TRUE
202145,60 - 69,unknown,0,81,NA,NA,NA,CHFL,COVID19Death,vaccine,all,intermediate,2021-11-25_07-51-54,TRUE
202145,70 - 79,fully_vaccinated,3,38,662286,0.45,NA,CHFL,COVID19Death,vaccine,all,intermediate,2021-11-25_07-51-54,TRUE
202145,70 - 79,partially_vaccinated,0,12,6763,0,NA,CHFL,COVID19Death,vaccine,all,intermediate,2021-11-25_07-51-54,TRUE
202145,70 - 79,not_vaccinated,6,208,70864,8.47,NA,CHFL,COVID19Death,vaccine,all,intermediate,2021-11-25_07-51-54,TRUE
202145,70 - 79,unknown,1,170,NA,NA,NA,CHFL,COVID19Death,vaccine,all,intermediate,2021-11-25_07-51-54,TRUE
202145,80+,fully_vaccinated,18,162,422532,4.26,NA,CHFL,COVID19Death,vaccine,all,intermediate,2021-11-25_07-51-54,TRUE
202145,80+,partially_vaccinated,0,62,3906,0,NA,CHFL,COVID19Death,vaccine,all,intermediate,2021-11-25_07-51-54,TRUE
202145,80+,not_vaccinated,22,469,33460,65.75,NA,CHFL,COVID19Death,vaccine,all,intermediate,2021-11-25_07-51-54,TRUE
202145,80+,unknown,4,430,NA,NA,NA,CHFL,COVID19Death,vaccine,all,intermediate,2021-11-25_07-51-54,TRUE
202145,Unbekannt,fully_vaccinated,0,0,NA,NA,NA,CHFL,COVID19Death,vaccine,all,intermediate,2021-11-25_07-51-54,TRUE
202145,Unbekannt,partially_vaccinated,0,0,NA,NA,NA,CHFL,COVID19Death,vaccine,all,intermediate,2021-11-25_07-51-54,TRUE
202145,Unbekannt,not_vaccinated,0,0,NA,NA,NA,CHFL,COVID19Death,vaccine,all,intermediate,2021-11-25_07-51-54,TRUE
202145,Unbekannt,unknown,0,0,NA,NA,NA,CHFL,COVID19Death,vaccine,all,intermediate,2021-11-25_07-51-54,TRUE
202146,0 - 9,fully_vaccinated,0,0,162,0,NA,CHFL,COVID19Death,vaccine,all,intermediate,2021-11-25_07-51-54,TRUE
202146,0 - 9,partially_vaccinated,0,0,61,0,NA,CHFL,COVID19Death,vaccine,all,intermediate,2021-11-25_07-51-54,TRUE
202146,0 - 9,not_vaccinated,0,0,880364,0,NA,CHFL,COVID19Death,vaccine,all,intermediate,2021-11-25_07-51-54,TRUE
202146,0 - 9,unknown,0,0,NA,NA,NA,CHFL,COVID19Death,vaccine,all,intermediate,2021-11-25_07-51-54,TRUE
202146,10 - 19,fully_vaccinated,0,0,344994,0,NA,CHFL,COVID19Death,vaccine,all,intermediate,2021-11-25_07-51-54,TRUE
202146,10 - 19,partially_vaccinated,0,0,27586,0,NA,CHFL,COVID19Death,vaccine,all,intermediate,2021-11-25_07-51-54,TRUE
202146,10 - 19,not_vaccinated,0,0,480795,0,NA,CHFL,COVID19Death,vaccine,all,intermediate,2021-11-25_07-51-54,TRUE
202146,10 - 19,unknown,0,1,NA,NA,NA,CHFL,COVID19Death,vaccine,all,intermediate,2021-11-25_07-51-54,TRUE
202146,20 - 29,fully_vaccinated,0,1,693759,0,NA,CHFL,COVID19Death,vaccine,all,intermediate,2021-11-25_07-51-54,TRUE
202146,20 - 29,partially_vaccinated,0,0,28398,0,NA,CHFL,COVID19Death,vaccine,all,intermediate,2021-11-25_07-51-54,TRUE
202146,20 - 29,not_vaccinated,0,0,320460,0,NA,CHFL,COVID19Death,vaccine,all,intermediate,2021-11-25_07-51-54,TRUE
202146,20 - 29,unknown,0,0,NA,NA,NA,CHFL,COVID19Death,vaccine,all,intermediate,2021-11-25_07-51-54,TRUE
202146,30 - 39,fully_vaccinated,0,0,865295,0,NA,CHFL,COVID19Death,vaccine,all,intermediate,2021-11-25_07-51-54,TRUE
202146,30 - 39,partially_vaccinated,0,0,30881,0,NA,CHFL,COVID19Death,vaccine,all,intermediate,2021-11-25_07-51-54,TRUE
202146,30 - 39,not_vaccinated,0,6,352064,0,NA,CHFL,COVID19Death,vaccine,all,intermediate,2021-11-25_07-51-54,TRUE
202146,30 - 39,unknown,0,0,NA,NA,NA,CHFL,COVID19Death,vaccine,all,intermediate,2021-11-25_07-51-54,TRUE
202146,40 - 49,fully_vaccinated,0,0,907915,0,NA,CHFL,COVID19Death,vaccine,all,intermediate,2021-11-25_07-51-54,TRUE
202146,40 - 49,partially_vaccinated,0,0,24188,0,NA,CHFL,COVID19Death,vaccine,all,intermediate,2021-11-25_07-51-54,TRUE
202146,40 - 49,not_vaccinated,2,16,274802,0.73,NA,CHFL,COVID19Death,vaccine,all,intermediate,2021-11-25_07-51-54,TRUE
202146,40 - 49,unknown,0,7,NA,NA,NA,CHFL,COVID19Death,vaccine,all,intermediate,2021-11-25_07-51-54,TRUE
202146,50 - 59,fully_vaccinated,0,4,1030720,0,NA,CHFL,COVID19Death,vaccine,all,intermediate,2021-11-25_07-51-54,TRUE
202146,50 - 59,partially_vaccinated,0,3,22278,0,NA,CHFL,COVID19Death,vaccine,all,intermediate,2021-11-25_07-51-54,TRUE
202146,50 - 59,not_vaccinated,0,63,252545,0,NA,CHFL,COVID19Death,vaccine,all,intermediate,2021-11-25_07-51-54,TRUE
202146,50 - 59,unknown,0,27,NA,NA,NA,CHFL,COVID19Death,vaccine,all,intermediate,2021-11-25_07-51-54,TRUE
202146,60 - 69,fully_vaccinated,1,11,821549,0.12,NA,CHFL,COVID19Death,vaccine,all,intermediate,2021-11-25_07-51-54,TRUE
202146,60 - 69,partially_vaccinated,0,4,13947,0,NA,CHFL,COVID19Death,vaccine,all,intermediate,2021-11-25_07-51-54,TRUE
202146,60 - 69,not_vaccinated,0,146,136781,0,NA,CHFL,COVID19Death,vaccine,all,intermediate,2021-11-25_07-51-54,TRUE
202146,60 - 69,unknown,1,82,NA,NA,NA,CHFL,COVID19Death,vaccine,all,intermediate,2021-11-25_07-51-54,TRUE
202146,70 - 79,fully_vaccinated,6,44,663743,0.9,NA,CHFL,COVID19Death,vaccine,all,intermediate,2021-11-25_07-51-54,TRUE
202146,70 - 79,partially_vaccinated,0,12,6290,0,NA,CHFL,COVID19Death,vaccine,all,intermediate,2021-11-25_07-51-54,TRUE
202146,70 - 79,not_vaccinated,2,210,69880,2.86,NA,CHFL,COVID19Death,vaccine,all,intermediate,2021-11-25_07-51-54,TRUE
202146,70 - 79,unknown,1,171,NA,NA,NA,CHFL,COVID19Death,vaccine,all,intermediate,2021-11-25_07-51-54,TRUE
202146,80+,fully_vaccinated,19,181,423818,4.48,NA,CHFL,COVID19Death,vaccine,all,intermediate,2021-11-25_07-51-54,TRUE
202146,80+,partially_vaccinated,0,62,3445,0,NA,CHFL,COVID19Death,vaccine,all,intermediate,2021-11-25_07-51-54,TRUE
202146,80+,not_vaccinated,18,487,32635,55.16,NA,CHFL,COVID19Death,vaccine,all,intermediate,2021-11-25_07-51-54,TRUE
202146,80+,unknown,11,441,NA,NA,NA,CHFL,COVID19Death,vaccine,all,intermediate,2021-11-25_07-51-54,TRUE
202146,Unbekannt,fully_vaccinated,0,0,NA,NA,NA,CHFL,COVID19Death,vaccine,all,intermediate,2021-11-25_07-51-54,TRUE
202146,Unbekannt,partially_vaccinated,0,0,NA,NA,NA,CHFL,COVID19Death,vaccine,all,intermediate,2021-11-25_07-51-54,TRUE
202146,Unbekannt,not_vaccinated,0,0,NA,NA,NA,CHFL,COVID19Death,vaccine,all,intermediate,2021-11-25_07-51-54,TRUE
202146,Unbekannt,unknown,0,0,NA,NA,NA,CHFL,COVID19Death,vaccine,all,intermediate,2021-11-25_07-51-54,TRUE
202104,all,fully_vaccinated,0,0,15380,0,NA,CHFL,COVID19Death,vaccine,all,limited,2021-11-25_07-51-54,TRUE
202104,all,partially_vaccinated,8,8,277877,2.88,NA,CHFL,COVID19Death,vaccine,all,limited,2021-11-25_07-51-54,TRUE
202104,all,not_vaccinated,49,49,8416098,0.58,NA,CHFL,COVID19Death,vaccine,all,limited,2021-11-25_07-51-54,TRUE
202104,all,unknown,112,112,NA,NA,NA,CHFL,COVID19Death,vaccine,all,limited,2021-11-25_07-51-54,TRUE
202105,all,fully_vaccinated,0,0,46907,0,NA,CHFL,COVID19Death,vaccine,all,limited,2021-11-25_07-51-54,TRUE
202105,all,partially_vaccinated,12,20,314882,3.81,NA,CHFL,COVID19Death,vaccine,all,limited,2021-11-25_07-51-54,TRUE
202105,all,not_vaccinated,57,106,8347566,0.68,NA,CHFL,COVID19Death,vaccine,all,limited,2021-11-25_07-51-54,TRUE
202105,all,unknown,97,209,NA,NA,NA,CHFL,COVID19Death,vaccine,all,limited,2021-11-25_07-51-54,TRUE
202106,all,fully_vaccinated,1,1,103259,0.97,NA,CHFL,COVID19Death,vaccine,all,limited,2021-11-25_07-51-54,TRUE
202106,all,partially_vaccinated,10,30,336269,2.97,NA,CHFL,COVID19Death,vaccine,all,limited,2021-11-25_07-51-54,TRUE
202106,all,not_vaccinated,55,161,8269827,0.67,NA,CHFL,COVID19Death,vaccine,all,limited,2021-11-25_07-51-54,TRUE
202106,all,unknown,63,272,NA,NA,NA,CHFL,COVID19Death,vaccine,all,limited,2021-11-25_07-51-54,TRUE
202107,all,fully_vaccinated,0,1,175581,0,NA,CHFL,COVID19Death,vaccine,all,limited,2021-11-25_07-51-54,TRUE
202107,all,partially_vaccinated,4,34,322645,1.24,NA,CHFL,COVID19Death,vaccine,all,limited,2021-11-25_07-51-54,TRUE
202107,all,not_vaccinated,35,196,8211129,0.43,NA,CHFL,COVID19Death,vaccine,all,limited,2021-11-25_07-51-54,TRUE
202107,all,unknown,47,319,NA,NA,NA,CHFL,COVID19Death,vaccine,all,limited,2021-11-25_07-51-54,TRUE
202108,all,fully_vaccinated,3,4,265614,1.13,NA,CHFL,COVID19Death,vaccine,all,limited,2021-11-25_07-51-54,TRUE
202108,all,partially_vaccinated,8,42,281303,2.84,NA,CHFL,COVID19Death,vaccine,all,limited,2021-11-25_07-51-54,TRUE
202108,all,not_vaccinated,19,215,8162438,0.23,NA,CHFL,COVID19Death,vaccine,all,limited,2021-11-25_07-51-54,TRUE
202108,all,unknown,33,352,NA,NA,NA,CHFL,COVID19Death,vaccine,all,limited,2021-11-25_07-51-54,TRUE
202109,all,fully_vaccinated,0,4,342416,0,NA,CHFL,COVID19Death,vaccine,all,limited,2021-11-25_07-51-54,TRUE
202109,all,partially_vaccinated,3,45,279709,1.07,NA,CHFL,COVID19Death,vaccine,all,limited,2021-11-25_07-51-54,TRUE
202109,all,not_vaccinated,25,240,8087230,0.31,NA,CHFL,COVID19Death,vaccine,all,limited,2021-11-25_07-51-54,TRUE
202109,all,unknown,36,388,NA,NA,NA,CHFL,COVID19Death,vaccine,all,limited,2021-11-25_07-51-54,TRUE
202110,all,fully_vaccinated,3,7,404668,0.74,NA,CHFL,COVID19Death,vaccine,all,limited,2021-11-25_07-51-54,TRUE
202110,all,partially_vaccinated,3,48,307511,0.98,NA,CHFL,COVID19Death,vaccine,all,limited,2021-11-25_07-51-54,TRUE
202110,all,not_vaccinated,38,278,7997176,0.48,NA,CHFL,COVID19Death,vaccine,all,limited,2021-11-25_07-51-54,TRUE
202110,all,unknown,31,419,NA,NA,NA,CHFL,COVID19Death,vaccine,all,limited,2021-11-25_07-51-54,TRUE
202111,all,fully_vaccinated,1,8,478545,0.21,NA,CHFL,COVID19Death,vaccine,all,limited,2021-11-25_07-51-54,TRUE
202111,all,partially_vaccinated,6,54,311509,1.93,NA,CHFL,COVID19Death,vaccine,all,limited,2021-11-25_07-51-54,TRUE
202111,all,not_vaccinated,22,300,7919301,0.28,NA,CHFL,COVID19Death,vaccine,all,limited,2021-11-25_07-51-54,TRUE
202111,all,unknown,33,452,NA,NA,NA,CHFL,COVID19Death,vaccine,all,limited,2021-11-25_07-51-54,TRUE
202112,all,fully_vaccinated,2,10,548092,0.36,NA,CHFL,COVID19Death,vaccine,all,limited,2021-11-25_07-51-54,TRUE
202112,all,partially_vaccinated,4,58,355722,1.12,NA,CHFL,COVID19Death,vaccine,all,limited,2021-11-25_07-51-54,TRUE
202112,all,not_vaccinated,30,330,7805541,0.38,NA,CHFL,COVID19Death,vaccine,all,limited,2021-11-25_07-51-54,TRUE
202112,all,unknown,24,476,NA,NA,NA,CHFL,COVID19Death,vaccine,all,limited,2021-11-25_07-51-54,TRUE
202113,all,fully_vaccinated,1,11,614749,0.16,NA,CHFL,COVID19Death,vaccine,all,limited,2021-11-25_07-51-54,TRUE
202113,all,partially_vaccinated,4,62,398503,1,NA,CHFL,COVID19Death,vaccine,all,limited,2021-11-25_07-51-54,TRUE
202113,all,not_vaccinated,41,371,7696103,0.53,NA,CHFL,COVID19Death,vaccine,all,limited,2021-11-25_07-51-54,TRUE
202113,all,unknown,25,501,NA,NA,NA,CHFL,COVID19Death,vaccine,all,limited,2021-11-25_07-51-54,TRUE
202114,all,fully_vaccinated,2,13,702516,0.28,NA,CHFL,COVID19Death,vaccine,all,limited,2021-11-25_07-51-54,TRUE
202114,all,partially_vaccinated,3,65,435142,0.69,NA,CHFL,COVID19Death,vaccine,all,limited,2021-11-25_07-51-54,TRUE
202114,all,not_vaccinated,34,405,7571697,0.45,NA,CHFL,COVID19Death,vaccine,all,limited,2021-11-25_07-51-54,TRUE
202114,all,unknown,24,525,NA,NA,NA,CHFL,COVID19Death,vaccine,all,limited,2021-11-25_07-51-54,TRUE
202115,all,fully_vaccinated,3,16,787908,0.38,NA,CHFL,COVID19Death,vaccine,all,limited,2021-11-25_07-51-54,TRUE
202115,all,partially_vaccinated,3,68,562712,0.53,NA,CHFL,COVID19Death,vaccine,all,limited,2021-11-25_07-51-54,TRUE
202115,all,not_vaccinated,21,426,7358735,0.29,NA,CHFL,COVID19Death,vaccine,all,limited,2021-11-25_07-51-54,TRUE
202115,all,unknown,19,544,NA,NA,NA,CHFL,COVID19Death,vaccine,all,limited,2021-11-25_07-51-54,TRUE
202116,all,fully_vaccinated,5,21,898821,0.56,NA,CHFL,COVID19Death,vaccine,all,limited,2021-11-25_07-51-54,TRUE
202116,all,partially_vaccinated,0,68,713160,0,NA,CHFL,COVID19Death,vaccine,all,limited,2021-11-25_07-51-54,TRUE
202116,all,not_vaccinated,30,456,7097374,0.42,NA,CHFL,COVID19Death,vaccine,all,limited,2021-11-25_07-51-54,TRUE
202116,all,unknown,19,563,NA,NA,NA,CHFL,COVID19Death,vaccine,all,limited,2021-11-25_07-51-54,TRUE
202117,all,fully_vaccinated,4,25,1007317,0.4,NA,CHFL,COVID19Death,vaccine,all,limited,2021-11-25_07-51-54,TRUE
202117,all,partially_vaccinated,3,71,891591,0.34,NA,CHFL,COVID19Death,vaccine,all,limited,2021-11-25_07-51-54,TRUE
202117,all,not_vaccinated,38,494,6810447,0.56,NA,CHFL,COVID19Death,vaccine,all,limited,2021-11-25_07-51-54,TRUE
202117,all,unknown,24,587,NA,NA,NA,CHFL,COVID19Death,vaccine,all,limited,2021-11-25_07-51-54,TRUE
202118,all,fully_vaccinated,3,28,1144367,0.26,NA,CHFL,COVID19Death,vaccine,all,limited,2021-11-25_07-51-54,TRUE
202118,all,partially_vaccinated,0,71,1079627,0,NA,CHFL,COVID19Death,vaccine,all,limited,2021-11-25_07-51-54,TRUE
202118,all,not_vaccinated,21,515,6485361,0.32,NA,CHFL,COVID19Death,vaccine,all,limited,2021-11-25_07-51-54,TRUE
202118,all,unknown,17,604,NA,NA,NA,CHFL,COVID19Death,vaccine,all,limited,2021-11-25_07-51-54,TRUE
202119,all,fully_vaccinated,2,30,1335860,0.15,NA,CHFL,COVID19Death,vaccine,all,limited,2021-11-25_07-51-54,TRUE
202119,all,partially_vaccinated,1,72,1175822,0.09,NA,CHFL,COVID19Death,vaccine,all,limited,2021-11-25_07-51-54,TRUE
202119,all,not_vaccinated,18,533,6197673,0.29,NA,CHFL,COVID19Death,vaccine,all,limited,2021-11-25_07-51-54,TRUE
202119,all,unknown,9,613,NA,NA,NA,CHFL,COVID19Death,vaccine,all,limited,2021-11-25_07-51-54,TRUE
202120,all,fully_vaccinated,2,32,1601478,0.12,NA,CHFL,COVID19Death,vaccine,all,limited,2021-11-25_07-51-54,TRUE
202120,all,partially_vaccinated,0,72,1229315,0,NA,CHFL,COVID19Death,vaccine,all,limited,2021-11-25_07-51-54,TRUE
202120,all,not_vaccinated,23,556,5878562,0.39,NA,CHFL,COVID19Death,vaccine,all,limited,2021-11-25_07-51-54,TRUE
202120,all,unknown,8,621,NA,NA,NA,CHFL,COVID19Death,vaccine,all,limited,2021-11-25_07-51-54,TRUE
202121,all,fully_vaccinated,2,34,1876886,0.11,NA,CHFL,COVID19Death,vaccine,all,limited,2021-11-25_07-51-54,TRUE
202121,all,partially_vaccinated,0,72,1248418,0,NA,CHFL,COVID19Death,vaccine,all,limited,2021-11-25_07-51-54,TRUE
202121,all,not_vaccinated,10,566,5584051,0.18,NA,CHFL,COVID19Death,vaccine,all,limited,2021-11-25_07-51-54,TRUE
202121,all,unknown,7,628,NA,NA,NA,CHFL,COVID19Death,vaccine,all,limited,2021-11-25_07-51-54,TRUE
202122,all,fully_vaccinated,4,38,2190163,0.18,NA,CHFL,COVID19Death,vaccine,all,limited,2021-11-25_07-51-54,TRUE
202122,all,partially_vaccinated,0,72,1274832,0,NA,CHFL,COVID19Death,vaccine,all,limited,2021-11-25_07-51-54,TRUE
202122,all,not_vaccinated,16,582,5244360,0.31,NA,CHFL,COVID19Death,vaccine,all,limited,2021-11-25_07-51-54,TRUE
202122,all,unknown,4,632,NA,NA,NA,CHFL,COVID19Death,vaccine,all,limited,2021-11-25_07-51-54,TRUE
202123,all,fully_vaccinated,1,39,2497171,0.04,NA,CHFL,COVID19Death,vaccine,all,limited,2021-11-25_07-51-54,TRUE
202123,all,partially_vaccinated,2,74,1324704,0.15,NA,CHFL,COVID19Death,vaccine,all,limited,2021-11-25_07-51-54,TRUE
202123,all,not_vaccinated,7,589,4887480,0.14,NA,CHFL,COVID19Death,vaccine,all,limited,2021-11-25_07-51-54,TRUE
202123,all,unknown,6,638,NA,NA,NA,CHFL,COVID19Death,vaccine,all,limited,2021-11-25_07-51-54,TRUE
202124,all,fully_vaccinated,0,39,2811935,0,NA,CHFL,COVID19Death,vaccine,all,limited,2021-11-25_07-51-54,TRUE
202124,all,partially_vaccinated,0,74,1320753,0,NA,CHFL,COVID19Death,vaccine,all,limited,2021-11-25_07-51-54,TRUE
202124,all,not_vaccinated,7,596,4576667,0.15,NA,CHFL,COVID19Death,vaccine,all,limited,2021-11-25_07-51-54,TRUE
202124,all,unknown,5,643,NA,NA,NA,CHFL,COVID19Death,vaccine,all,limited,2021-11-25_07-51-54,TRUE
202125,all,fully_vaccinated,1,40,3120135,0.03,NA,CHFL,COVID19Death,vaccine,all,limited,2021-11-25_07-51-54,TRUE
202125,all,partially_vaccinated,0,74,1245223,0,NA,CHFL,COVID19Death,vaccine,all,limited,2021-11-25_07-51-54,TRUE
202125,all,not_vaccinated,4,600,4343997,0.09,NA,CHFL,COVID19Death,vaccine,all,limited,2021-11-25_07-51-54,TRUE
202125,all,unknown,2,645,NA,NA,NA,CHFL,COVID19Death,vaccine,all,limited,2021-11-25_07-51-54,TRUE
202126,all,fully_vaccinated,0,40,3454465,0,NA,CHFL,COVID19Death,vaccine,all,intermediate,2021-11-25_07-51-54,TRUE
202126,all,partially_vaccinated,0,74,1039308,0,NA,CHFL,COVID19Death,vaccine,all,intermediate,2021-11-25_07-51-54,TRUE
202126,all,not_vaccinated,1,601,4215582,0.02,NA,CHFL,COVID19Death,vaccine,all,intermediate,2021-11-25_07-51-54,TRUE
202126,all,unknown,2,647,NA,NA,NA,CHFL,COVID19Death,vaccine,all,intermediate,2021-11-25_07-51-54,TRUE
202127,all,fully_vaccinated,0,40,3790750,0,NA,CHFL,COVID19Death,vaccine,all,intermediate,2021-11-25_07-51-54,TRUE
202127,all,partially_vaccinated,0,74,791326,0,NA,CHFL,COVID19Death,vaccine,all,intermediate,2021-11-25_07-51-54,TRUE
202127,all,not_vaccinated,3,604,4127279,0.07,NA,CHFL,COVID19Death,vaccine,all,intermediate,2021-11-25_07-51-54,TRUE
202127,all,unknown,0,647,NA,NA,NA,CHFL,COVID19Death,vaccine,all,intermediate,2021-11-25_07-51-54,TRUE
202128,all,fully_vaccinated,1,41,4088062,0.02,NA,CHFL,COVID19Death,vaccine,all,intermediate,2021-11-25_07-51-54,TRUE
202128,all,partially_vaccinated,1,75,572828,0.17,NA,CHFL,COVID19Death,vaccine,all,intermediate,2021-11-25_07-51-54,TRUE
202128,all,not_vaccinated,0,604,4048465,0,NA,CHFL,COVID19Death,vaccine,all,intermediate,2021-11-25_07-51-54,TRUE
202128,all,unknown,0,647,NA,NA,NA,CHFL,COVID19Death,vaccine,all,intermediate,2021-11-25_07-51-54,TRUE
202129,all,fully_vaccinated,0,41,4316889,0,NA,CHFL,COVID19Death,vaccine,all,intermediate,2021-11-25_07-51-54,TRUE
202129,all,partially_vaccinated,0,75,415244,0,NA,CHFL,COVID19Death,vaccine,all,intermediate,2021-11-25_07-51-54,TRUE
202129,all,not_vaccinated,5,609,3977222,0.13,NA,CHFL,COVID19Death,vaccine,all,intermediate,2021-11-25_07-51-54,TRUE
202129,all,unknown,0,647,NA,NA,NA,CHFL,COVID19Death,vaccine,all,intermediate,2021-11-25_07-51-54,TRUE
202130,all,fully_vaccinated,1,42,4442764,0.02,NA,CHFL,COVID19Death,vaccine,all,intermediate,2021-11-25_07-51-54,TRUE
202130,all,partially_vaccinated,0,75,356418,0,NA,CHFL,COVID19Death,vaccine,all,intermediate,2021-11-25_07-51-54,TRUE
202130,all,not_vaccinated,8,617,3910173,0.2,NA,CHFL,COVID19Death,vaccine,all,intermediate,2021-11-25_07-51-54,TRUE
202130,all,unknown,2,649,NA,NA,NA,CHFL,COVID19Death,vaccine,all,intermediate,2021-11-25_07-51-54,TRUE
202131,all,fully_vaccinated,0,42,4529450,0,NA,CHFL,COVID19Death,vaccine,all,intermediate,2021-11-25_07-51-54,TRUE
202131,all,partially_vaccinated,0,75,324364,0,NA,CHFL,COVID19Death,vaccine,all,intermediate,2021-11-25_07-51-54,TRUE
202131,all,not_vaccinated,3,620,3855541,0.08,NA,CHFL,COVID19Death,vaccine,all,intermediate,2021-11-25_07-51-54,TRUE
202131,all,unknown,0,649,NA,NA,NA,CHFL,COVID19Death,vaccine,all,intermediate,2021-11-25_07-51-54,TRUE
202132,all,fully_vaccinated,4,46,4609802,0.09,NA,CHFL,COVID19Death,vaccine,all,intermediate,2021-11-25_07-51-54,TRUE
202132,all,partially_vaccinated,0,75,307714,0,NA,CHFL,COVID19Death,vaccine,all,intermediate,2021-11-25_07-51-54,TRUE
202132,all,not_vaccinated,6,626,3791839,0.16,NA,CHFL,COVID19Death,vaccine,all,intermediate,2021-11-25_07-51-54,TRUE
202132,all,unknown,4,653,NA,NA,NA,CHFL,COVID19Death,vaccine,all,intermediate,2021-11-25_07-51-54,TRUE
202133,all,fully_vaccinated,9,55,4687708,0.19,NA,CHFL,COVID19Death,vaccine,all,intermediate,2021-11-25_07-51-54,TRUE
202133,all,partially_vaccinated,0,75,303472,0,NA,CHFL,COVID19Death,vaccine,all,intermediate,2021-11-25_07-51-54,TRUE
202133,all,not_vaccinated,13,639,3718175,0.35,NA,CHFL,COVID19Death,vaccine,all,intermediate,2021-11-25_07-51-54,TRUE
202133,all,unknown,3,656,NA,NA,NA,CHFL,COVID19Death,vaccine,all,intermediate,2021-11-25_07-51-54,TRUE
202134,all,fully_vaccinated,6,61,4762811,0.13,NA,CHFL,COVID19Death,vaccine,all,intermediate,2021-11-25_07-51-54,TRUE
202134,all,partially_vaccinated,0,75,321764,0,NA,CHFL,COVID19Death,vaccine,all,intermediate,2021-11-25_07-51-54,TRUE
202134,all,not_vaccinated,28,667,3624780,0.77,NA,CHFL,COVID19Death,vaccine,all,intermediate,2021-11-25_07-51-54,TRUE
202134,all,unknown,8,664,NA,NA,NA,CHFL,COVID19Death,vaccine,all,intermediate,2021-11-25_07-51-54,TRUE
202135,all,fully_vaccinated,15,76,4824782,0.31,NA,CHFL,COVID19Death,vaccine,all,intermediate,2021-11-25_07-51-54,TRUE
202135,all,partially_vaccinated,0,75,362916,0,NA,CHFL,COVID19Death,vaccine,all,intermediate,2021-11-25_07-51-54,TRUE
202135,all,not_vaccinated,31,698,3521657,0.88,NA,CHFL,COVID19Death,vaccine,all,intermediate,2021-11-25_07-51-54,TRUE
202135,all,unknown,6,670,NA,NA,NA,CHFL,COVID19Death,vaccine,all,intermediate,2021-11-25_07-51-54,TRUE
202136,all,fully_vaccinated,15,91,4897469,0.31,NA,CHFL,COVID19Death,vaccine,all,intermediate,2021-11-25_07-51-54,TRUE
202136,all,partially_vaccinated,0,75,423965,0,NA,CHFL,COVID19Death,vaccine,all,intermediate,2021-11-25_07-51-54,TRUE
202136,all,not_vaccinated,28,726,3387921,0.83,NA,CHFL,COVID19Death,vaccine,all,intermediate,2021-11-25_07-51-54,TRUE
202136,all,unknown,11,681,NA,NA,NA,CHFL,COVID19Death,vaccine,all,intermediate,2021-11-25_07-51-54,TRUE
202137,all,fully_vaccinated,15,106,4986281,0.3,NA,CHFL,COVID19Death,vaccine,all,intermediate,2021-11-25_07-51-54,TRUE
202137,all,partially_vaccinated,0,75,485945,0,NA,CHFL,COVID19Death,vaccine,all,intermediate,2021-11-25_07-51-54,TRUE
202137,all,not_vaccinated,23,749,3237129,0.71,NA,CHFL,COVID19Death,vaccine,all,intermediate,2021-11-25_07-51-54,TRUE
202137,all,unknown,4,685,NA,NA,NA,CHFL,COVID19Death,vaccine,all,intermediate,2021-11-25_07-51-54,TRUE
202138,all,fully_vaccinated,17,123,5082747,0.33,NA,CHFL,COVID19Death,vaccine,all,intermediate,2021-11-25_07-51-54,TRUE
202138,all,partially_vaccinated,2,77,501099,0.4,NA,CHFL,COVID19Death,vaccine,all,intermediate,2021-11-25_07-51-54,TRUE
202138,all,not_vaccinated,20,769,3125509,0.64,NA,CHFL,COVID19Death,vaccine,all,intermediate,2021-11-25_07-51-54,TRUE
202138,all,unknown,3,688,NA,NA,NA,CHFL,COVID19Death,vaccine,all,intermediate,2021-11-25_07-51-54,TRUE
202139,all,fully_vaccinated,3,126,5183087,0.06,NA,CHFL,COVID19Death,vaccine,all,intermediate,2021-11-25_07-51-54,TRUE
202139,all,partially_vaccinated,0,77,472393,0,NA,CHFL,COVID19Death,vaccine,all,intermediate,2021-11-25_07-51-54,TRUE
202139,all,not_vaccinated,30,799,3053875,0.98,NA,CHFL,COVID19Death,vaccine,all,intermediate,2021-11-25_07-51-54,TRUE
202139,all,unknown,1,689,NA,NA,NA,CHFL,COVID19Death,vaccine,all,intermediate,2021-11-25_07-51-54,TRUE
202140,all,fully_vaccinated,10,136,5301353,0.19,NA,CHFL,COVID19Death,vaccine,all,intermediate,2021-11-25_07-51-54,TRUE
202140,all,partially_vaccinated,1,78,406998,0.25,NA,CHFL,COVID19Death,vaccine,all,intermediate,2021-11-25_07-51-54,TRUE
202140,all,not_vaccinated,13,812,3001004,0.43,NA,CHFL,COVID19Death,vaccine,all,intermediate,2021-11-25_07-51-54,TRUE
202140,all,unknown,6,695,NA,NA,NA,CHFL,COVID19Death,vaccine,all,intermediate,2021-11-25_07-51-54,TRUE
202141,all,fully_vaccinated,12,148,5433490,0.22,NA,CHFL,COVID19Death,vaccine,all,intermediate,2021-11-25_07-51-54,TRUE
202141,all,partially_vaccinated,0,78,322394,0,NA,CHFL,COVID19Death,vaccine,all,intermediate,2021-11-25_07-51-54,TRUE
202141,all,not_vaccinated,16,828,2953471,0.54,NA,CHFL,COVID19Death,vaccine,all,intermediate,2021-11-25_07-51-54,TRUE
202141,all,unknown,4,699,NA,NA,NA,CHFL,COVID19Death,vaccine,all,intermediate,2021-11-25_07-51-54,TRUE
202142,all,fully_vaccinated,12,160,5545567,0.22,NA,CHFL,COVID19Death,vaccine,all,intermediate,2021-11-25_07-51-54,TRUE
202142,all,partially_vaccinated,0,78,248121,0,NA,CHFL,COVID19Death,vaccine,all,intermediate,2021-11-25_07-51-54,TRUE
202142,all,not_vaccinated,16,844,2915667,0.55,NA,CHFL,COVID19Death,vaccine,all,intermediate,2021-11-25_07-51-54,TRUE
202142,all,unknown,4,703,NA,NA,NA,CHFL,COVID19Death,vaccine,all,intermediate,2021-11-25_07-51-54,TRUE
202143,all,fully_vaccinated,19,179,5621055,0.34,NA,CHFL,COVID19Death,vaccine,all,intermediate,2021-11-25_07-51-54,TRUE
202143,all,partially_vaccinated,3,81,201476,1.49,NA,CHFL,COVID19Death,vaccine,all,intermediate,2021-11-25_07-51-54,TRUE
202143,all,not_vaccinated,17,861,2886824,0.59,NA,CHFL,COVID19Death,vaccine,all,intermediate,2021-11-25_07-51-54,TRUE
202143,all,unknown,5,708,NA,NA,NA,CHFL,COVID19Death,vaccine,all,intermediate,2021-11-25_07-51-54,TRUE
202144,all,fully_vaccinated,15,194,5672119,0.26,NA,CHFL,COVID19Death,vaccine,all,intermediate,2021-11-25_07-51-54,TRUE
202144,all,partially_vaccinated,0,81,175711,0,NA,CHFL,COVID19Death,vaccine,all,intermediate,2021-11-25_07-51-54,TRUE
202144,all,not_vaccinated,13,874,2861525,0.45,NA,CHFL,COVID19Death,vaccine,all,intermediate,2021-11-25_07-51-54,TRUE
202144,all,unknown,3,711,NA,NA,NA,CHFL,COVID19Death,vaccine,all,intermediate,2021-11-25_07-51-54,TRUE
202145,all,fully_vaccinated,21,215,5717777,0.37,NA,CHFL,COVID19Death,vaccine,all,intermediate,2021-11-25_07-51-54,TRUE
202145,all,partially_vaccinated,0,81,165639,0,NA,CHFL,COVID19Death,vaccine,all,intermediate,2021-11-25_07-51-54,TRUE
202145,all,not_vaccinated,32,906,2825939,1.13,NA,CHFL,COVID19Death,vaccine,all,intermediate,2021-11-25_07-51-54,TRUE
202145,all,unknown,5,716,NA,NA,NA,CHFL,COVID19Death,vaccine,all,intermediate,2021-11-25_07-51-54,TRUE
202146,all,fully_vaccinated,26,241,5751955,0.45,NA,CHFL,COVID19Death,vaccine,all,intermediate,2021-11-25_07-51-54,TRUE
202146,all,partially_vaccinated,0,81,157074,0,NA,CHFL,COVID19Death,vaccine,all,intermediate,2021-11-25_07-51-54,TRUE
202146,all,not_vaccinated,22,928,2800326,0.79,NA,CHFL,COVID19Death,vaccine,all,intermediate,2021-11-25_07-51-54,TRUE
202146,all,unknown,13,729,NA,NA,NA,CHFL,COVID19Death,vaccine,all,intermediate,2021-11-25_07-51-54,TRUE